,Open,High,Low,Close,Volume,date,30 Day MA,30 Day STD,Upper Band,Lower Band,up_cross,down_cross,EMA - 15,aaron down,aaron up,tenkansen,kijunsen,momentun,target
25,3593.45,3595.36,3586.93,3594.02,182.676873,2019-01-15 09:45:00,3614.491500000001,11.52648404647673,3637.5444680929545,3591.4385319070475,0,0,3606.1222489625266,92.0,12.0,3604.0649999999996,3609.54,-26.09999999999991,0
26,3594.17,3603.08,3591.86,3603.03,305.644951,2019-01-15 09:50:00,3613.4445000000005,11.571145362495383,3636.5867907249913,3590.30220927501,0,0,3605.4025036163207,88.0,8.0,3604.0649999999996,3609.54,-17.6899999999996,0
27,3603.0,3605.0,3602.03,3604.06,130.560549,2019-01-15 09:55:00,3612.4285000000004,11.451902289691008,3635.3323045793823,3589.5246954206186,0,0,3604.9098604124765,84.0,4.0,3603.87,3609.54,-19.659999999999854,0
28,3604.51,3605.0,3600.32,3602.38,137.962658,2019-01-15 10:00:00,3611.2130000000006,11.144525254935397,3633.5020505098714,3588.92394949013,0,0,3604.1775487748723,80.0,8.0,3601.715,3609.54,-22.659999999999854,0
29,3602.29,3602.4,3591.02,3592.85,159.835869,2019-01-15 10:05:00,3609.658000000001,11.439581608101872,3632.5371632162046,3586.778836783797,0,0,3602.1339769783986,76.0,4.0,3601.4849999999997,3609.52,-31.490000000000236,0
30,3593.54,3604.55,3591.58,3602.88,310.074943,2019-01-15 10:10:00,3608.861000000001,11.32233791182172,3631.505675823644,3586.2163241763574,0,0,3601.8088110563563,72.0,12.0,3598.505,3609.52,-0.11999999999989086,0
31,3602.88,3602.9,3595.99,3598.71,102.567728,2019-01-15 10:15:00,3607.7905000000014,11.213407611567469,3630.217315223136,3585.3636847768666,0,0,3601.337814909591,68.0,8.0,3597.0249999999996,3608.34,-9.579999999999927,0
32,3598.71,3600.0,3595.59,3598.15,97.574996,2019-01-15 10:20:00,3606.662000000001,10.976929682892239,3628.6158593657856,3584.7081406342168,0,0,3600.741632238372,64.0,4.0,3598.455,3608.34,-19.98999999999978,0
33,3597.49,3600.0,3596.72,3598.05,120.746982,2019-01-15 10:25:00,3605.378500000001,10.36088406866015,3626.1002681373216,3584.6567318626808,0,0,3600.013471140224,60.0,24.0,3598.455,3608.34,-19.699999999999818,0
34,3597.6,3608.0,3597.6,3606.7,122.719701,2019-01-15 10:30:00,3604.4615000000013,9.284861632050356,3623.0312232641018,3585.8917767359007,0,0,3600.633838611295,56.00000000000001,20.0,3599.7749999999996,3607.515,-6.7400000000002365,0
35,3606.67,3607.61,3605.0,3605.7,120.51527,2019-01-15 10:35:00,3603.5295000000015,8.036008091872304,3619.601516183746,3587.457483816257,0,0,3601.1161972513323,52.0,16.0,3599.7749999999996,3607.515,-7.2800000000002,0
36,3605.49,3606.0,3603.45,3605.68,101.453071,2019-01-15 10:40:00,3603.663500000001,8.049047851503603,3619.7615957030084,3587.5654042969936,0,0,3601.544340011592,48.0,12.0,3599.7749999999996,3607.515,-1.3400000000001455,0
37,3605.99,3611.0,3605.12,3610.43,91.833891,2019-01-15 10:45:00,3603.770500000001,8.127627656074958,3620.025755312151,3587.515244687851,0,0,3602.721534374407,44.0,8.0,3601.64,3607.515,20.440000000000055,0
38,3610.04,3612.41,3609.2,3611.15,117.170477,2019-01-15 10:50:00,3603.4210000000007,7.61107150627883,3618.6431430125585,3588.198856987443,0,0,3604.187662093104,40.0,4.0,3604.6000000000004,3607.515,17.700000000000273,1
39,3612.0,3618.0,3610.22,3610.64,125.558865,2019-01-15 10:55:00,3603.0655000000006,7.05208403314452,3617.1696680662894,3588.961331933712,0,0,3605.3293683187712,36.0,4.0,3604.6000000000004,3607.515,16.61999999999989,1
40,3610.56,3611.3,3606.99,3608.56,101.010125,2019-01-15 11:00:00,3602.8215000000005,6.752287935835287,3616.326075871671,3589.31692412833,0,0,3606.0166925887233,32.0,12.0,3604.6000000000004,3607.165,5.529999999999745,0
41,3608.56,3610.22,3606.37,3609.21,75.704277,2019-01-15 11:05:00,3602.6330000000007,6.501747214565564,3615.6364944291317,3589.6295055708697,0,0,3606.536351270602,28.000000000000004,8.0,3604.6000000000004,3604.0649999999996,5.150000000000091,0
42,3608.8,3610.0,3608.5,3609.08,62.440691,2019-01-15 11:10:00,3602.736000000001,6.590613261138944,3615.9172265222787,3589.554773477723,0,0,3606.952185384831,24.0,4.0,3608.415,3604.0649999999996,6.699999999999818,0
43,3609.08,3611.1,3609.0,3609.69,67.641653,2019-01-15 11:15:00,3603.7210000000005,6.034028853969093,3615.789057707939,3591.652942292062,0,0,3607.4369397711916,20.0,4.0,3608.415,3604.0649999999996,16.840000000000146,0
44,3609.69,3611.9,3609.61,3611.39,60.843055,2019-01-15 11:20:00,3604.618000000001,5.75375630166509,3616.125512603331,3593.1104873966706,0,0,3608.2925580662068,16.0,4.0,3608.535,3603.87,8.509999999999764,0
45,3610.67,3615.56,3610.67,3613.05,169.511582,2019-01-15 11:25:00,3605.5695000000005,5.475699883168169,3616.5208997663367,3594.6181002336643,0,0,3609.085529043876,12.0,100.0,3610.8050000000003,3601.715,14.340000000000146,1
46,3613.0,3617.59,3612.0,3612.71,92.684612,2019-01-15 11:30:00,3606.053500000001,5.66399085172476,3617.3814817034504,3594.7255182965514,0,0,3609.8115545115456,8.0,96.0,3610.8050000000003,3601.52,14.559999999999945,0
47,3612.82,3614.47,3612.0,3613.5,70.993276,2019-01-15 11:35:00,3606.525500000001,5.87839798709967,3618.2822959742,3594.768704025802,0,0,3610.571898574866,4.0,100.0,3611.0299999999997,3601.745,15.449999999999818,1
48,3613.25,3614.91,3610.66,3611.09,95.599318,2019-01-15 11:40:00,3606.9610000000007,5.877754583798873,3618.7165091675984,3595.205490832403,0,0,3610.8909101415743,24.0,96.0,3611.0299999999997,3601.745,4.390000000000327,1
49,3611.97,3611.97,3607.99,3609.8,64.536402,2019-01-15 11:45:00,3607.8085000000005,4.87197385158464,3617.55244770317,3598.064552296831,0,0,3610.814988977755,20.0,92.0,3611.29,3603.175,4.100000000000364,1
50,3609.4,3613.53,3609.0,3612.84,77.813788,2019-01-15 11:50:00,3608.3065,4.850676865410549,3618.0078537308214,3598.605146269179,0,0,3611.2073283205946,16.0,88.0,3611.29,3603.175,7.160000000000309,1
51,3612.86,3615.61,3609.91,3611.39,78.700177,2019-01-15 11:55:00,3608.9404999999997,4.331210448288786,3617.6029208965774,3600.278079103422,0,0,3611.3414936573386,12.0,84.0,3611.5950000000003,3603.175,0.9600000000000364,1
52,3612.1,3615.87,3610.0,3615.0,82.37894,2019-01-15 12:00:00,3609.7830000000004,3.717064631356537,3617.2171292627136,3602.348870737287,0,0,3611.887911046855,8.0,100.0,3612.4,3603.925,3.849999999999909,1
53,3614.04,3615.0,3608.5,3613.1,79.016671,2019-01-15 12:05:00,3610.5355000000004,2.5601078821834276,3615.6557157643674,3605.4152842356334,0,0,3612.0774425135983,4.0,96.0,3612.4,3603.925,2.4600000000000364,1
54,3612.5,3613.7,3609.84,3613.68,72.931604,2019-01-15 12:10:00,3610.8845,2.4843689763241934,3615.8532379526487,3605.9157620473516,0,0,3612.3370349464262,16.0,92.0,3612.4,3603.925,5.119999999999891,1
55,3613.68,3613.69,3609.0,3612.38,57.703409,2019-01-15 12:15:00,3611.2185000000004,2.1812123017391087,3615.5809246034787,3606.856075396522,0,0,3612.416886464192,12.0,88.0,3612.4,3606.525,3.1700000000000728,1
56,3612.93,3618.0,3612.12,3613.02,76.240281,2019-01-15 12:20:00,3611.585500000001,1.7810803197096738,3615.1476606394203,3608.0233393605818,0,0,3612.566561566094,8.0,84.0,3612.4,3606.525,3.9400000000000546,1
57,3613.23,3613.68,3602.0,3605.92,130.032003,2019-01-15 12:25:00,3611.3600000000015,2.1766512183420774,3615.713302436686,3607.006697563317,0,1,3611.6741289096053,4.0,80.0,3610.46,3606.525,-3.769999999999982,1
58,3605.14,3606.13,3591.0,3600.63,183.579839,2019-01-15 12:30:00,3610.8340000000017,3.2409686661139867,3617.3159373322296,3604.3520626677737,0,1,3610.1169644116703,100.0,76.0,3607.815,3606.525,-10.759999999999764,0
59,3599.54,3605.81,3597.8,3604.93,92.049003,2019-01-15 12:35:00,3610.5485000000017,3.5000981565178817,3617.5486963130375,3603.548303686966,0,0,3609.3426392727774,96.0,72.0,3607.815,3607.815,-8.120000000000346,0
60,3604.93,3608.6,3604.85,3607.32,68.498192,2019-01-15 12:40:00,3610.486500000002,3.5478329560743687,3617.5821659121507,3603.390834087853,0,0,3608.978088034578,92.0,68.0,3607.815,3607.815,-5.389999999999873,0
61,3607.96,3607.97,3600.01,3602.6,126.468693,2019-01-15 12:45:00,3610.1560000000018,3.957259019493955,3618.0705180389896,3602.241481961014,0,0,3607.9837061511594,88.0,64.0,3607.1549999999997,3607.815,-10.900000000000091,0
62,3603.13,3604.6,3599.88,3600.36,83.188789,2019-01-15 12:50:00,3609.720000000002,4.522109428597412,3618.7642188571967,3600.6757811428074,0,1,3606.774544232282,100.0,60.0,3607.02,3607.6800000000003,-10.730000000000018,0
63,3599.74,3603.47,3598.84,3602.6,97.534749,2019-01-15 12:55:00,3609.365500000002,4.794295376579804,3618.954090753162,3599.7769092468425,0,0,3606.0871914590803,96.0,56.00000000000001,3606.69,3607.6800000000003,-7.200000000000273,0
64,3602.06,3604.0,3600.0,3603.0,80.491191,2019-01-15 13:00:00,3608.946000000002,4.97161140878899,3618.88922281758,3599.0027771824243,0,0,3605.568708750449,92.0,52.0,3606.69,3607.6800000000003,-9.840000000000146,0
65,3603.71,3609.07,3602.99,3607.2,93.187327,2019-01-15 13:05:00,3608.6535000000017,4.888849046554982,3618.4311980931116,3598.875801906892,0,0,3605.6626536128147,88.0,48.0,3603.84,3607.6800000000003,-4.190000000000055,0
66,3607.37,3609.95,3605.56,3607.19,74.57004,2019-01-15 13:10:00,3608.3775000000014,4.802845510736517,3617.9831910214743,3598.7718089785285,0,0,3605.771681931766,84.0,44.0,3603.84,3607.6800000000003,-7.809999999999945,0
67,3607.21,3608.0,3605.0,3605.82,78.442539,2019-01-15 13:15:00,3607.993500000002,4.677104676816379,3617.3477093536344,3598.6392906463693,0,0,3605.5987335923637,80.0,40.0,3603.84,3607.6800000000003,-7.279999999999745,0
68,3605.74,3605.91,3600.46,3602.38,78.449766,2019-01-15 13:20:00,3607.5580000000023,4.778023815234884,3617.114047630472,3598.0019523695323,0,0,3604.9873774695875,76.0,36.0,3603.84,3607.6800000000003,-11.299999999999727,0
69,3601.95,3609.56,3601.59,3607.6,104.353595,2019-01-15 13:25:00,3607.4480000000026,4.748927413527395,3616.9458548270572,3597.950145172948,0,0,3605.1954097918338,72.0,32.0,3603.98,3607.6800000000003,-4.7800000000002,0
70,3607.7,3612.39,3607.34,3611.75,112.705274,2019-01-15 13:30:00,3607.393500000003,4.689675418013534,3616.77285083603,3598.0141491639756,0,0,3606.002450070938,68.0,28.000000000000004,3606.0550000000003,3607.6800000000003,-1.2699999999999818,0
71,3611.01,3628.56,3610.62,3620.74,288.322209,2019-01-15 13:35:00,3607.861000000003,5.504323563776042,3618.8696471275553,3596.852352872451,1,0,3607.9951653933376,64.0,100.0,3611.56,3610.55,14.819999999999709,0
72,3619.56,3623.41,3615.0,3618.91,122.392975,2019-01-15 13:40:00,3608.0565000000033,5.830972903384338,3619.718445806772,3596.394554193235,0,0,3609.6127937270303,60.0,96.0,3611.56,3610.55,18.279999999999745,1
73,3618.89,3634.75,3618.26,3619.89,351.152851,2019-01-15 13:45:00,3608.396000000003,6.317454017494684,3621.030908034992,3595.7610919650137,0,0,3611.2729685597556,56.00000000000001,92.0,3611.56,3610.55,14.960000000000036,1
74,3619.5,3626.22,3617.83,3622.81,162.490051,2019-01-15 13:50:00,3608.852500000003,7.0111534263929265,3622.874806852789,3594.8301931472174,0,0,3613.0637148308583,52.0,100.0,3612.5950000000003,3611.585,15.489999999999782,1
75,3623.83,3626.88,3622.83,3624.78,129.393789,2019-01-15 13:55:00,3609.4725000000026,7.838914986010088,3625.150329972023,3593.794670027982,0,0,3614.868678820128,48.0,100.0,3613.58,3612.57,22.18000000000029,1
76,3624.96,3624.96,3621.0,3623.14,118.203622,2019-01-15 14:00:00,3609.9785000000024,8.387391084868096,3626.7532821697387,3593.203717830266,0,0,3616.303074962334,44.0,96.0,3613.58,3612.57,22.779999999999745,1
77,3623.02,3623.9,3621.62,3622.11,88.899917,2019-01-15 14:05:00,3610.7880000000027,8.74857678651058,3628.2851535730238,3593.2908464269817,0,0,3617.4530136998887,40.0,92.0,3616.19,3612.57,19.51000000000022,0
78,3622.06,3626.31,3622.06,3624.37,94.955798,2019-01-15 14:10:00,3611.975000000002,8.906888818271513,3629.788777636545,3594.1612223634593,0,0,3618.7421000475338,36.0,88.0,3618.2650000000003,3612.57,21.36999999999989,0
79,3624.37,3625.4,3622.65,3623.99,100.88587,2019-01-15 14:15:00,3612.9280000000026,9.130298663472505,3631.1885973269477,3594.6674026730575,0,0,3619.8073424626823,32.0,84.0,3621.8450000000003,3612.57,16.789999999999964,1
80,3623.99,3625.38,3622.65,3622.79,81.838658,2019-01-15 14:20:00,3613.701500000002,9.28419158683448,3632.2698831736707,3595.133116826333,0,0,3620.484142459507,28.000000000000004,80.0,3621.8450000000003,3612.57,15.599999999999909,1
81,3623.37,3623.76,3621.38,3621.9,92.504169,2019-01-15 14:25:00,3614.6665000000016,9.070123468665587,3632.8067469373327,3596.5262530626705,0,0,3620.9479345562727,24.0,76.0,3622.335,3612.57,16.079999999999927,1
82,3621.9,3621.92,3616.23,3616.72,104.81333,2019-01-15 14:30:00,3615.4845000000014,8.42688084580941,3632.33826169162,3598.6307383083827,0,0,3620.631966731016,20.0,72.0,3620.75,3612.57,14.33999999999969,1
83,3617.46,3618.67,3612.91,3614.45,292.173346,2019-01-15 14:35:00,3616.077000000001,7.871577184301545,3631.820154368604,3600.333845631398,0,0,3620.0945570924764,16.0,68.0,3619.615,3612.57,6.849999999999909,1
84,3614.45,3622.65,3614.05,3620.01,157.244605,2019-01-15 14:40:00,3616.9275000000007,7.281072705092083,3631.489645410185,3602.3653545898164,0,0,3620.3259528475687,12.0,64.0,3619.41,3612.57,8.260000000000218,1
85,3619.08,3623.0,3619.08,3622.48,138.683568,2019-01-15 14:45:00,3617.691500000001,7.003001067211263,3631.6975021344233,3603.6854978655783,0,0,3620.804418141493,8.0,60.0,3619.41,3612.57,1.7400000000002365,1
86,3622.55,3625.0,3621.34,3622.5,110.328258,2019-01-15 14:50:00,3618.457000000001,6.621014471481764,3631.699028942964,3605.2149710570375,0,0,3621.0506816747165,4.0,56.00000000000001,3619.41,3612.57,3.5900000000001455,1
87,3622.67,3625.98,3621.5,3625.09,121.433081,2019-01-15 14:55:00,3619.4205,6.063936080588574,3631.548372161177,3607.292627838823,0,0,3621.6760917208485,24.0,100.0,3619.77,3612.7250000000004,5.200000000000273,1
88,3625.09,3640.77,3624.15,3629.39,201.817944,2019-01-15 15:00:00,3620.7709999999997,4.979909003606319,3630.7308180072123,3610.811181992787,0,0,3622.825557590204,20.0,100.0,3621.92,3615.885,6.579999999999927,1
89,3629.01,3634.31,3580.0,3596.67,703.779584,2019-01-15 15:05:00,3620.2244999999994,6.776896102897198,3633.7782922057936,3606.670707794205,0,1,3619.0464452574456,100.0,96.0,3613.0299999999997,3613.0299999999997,-28.110000000000127,0
90,3597.0,3611.0,3588.0,3602.33,341.878763,2019-01-15 15:10:00,3619.7535,7.665916551785411,3635.0853331035705,3604.421666896429,0,1,3616.5191681625092,96.0,92.0,3613.0299999999997,3613.0299999999997,-20.809999999999945,1
91,3602.33,3603.28,3580.0,3597.39,471.761228,2019-01-15 15:15:00,3618.5859999999993,9.143450575195494,3636.87290115039,3600.2990988496085,0,1,3613.6259585777334,92.0,88.0,3613.0299999999997,3613.0299999999997,-24.720000000000255,0
92,3597.39,3601.19,3592.65,3600.11,163.147288,2019-01-15 15:20:00,3617.6459999999993,10.03162546518136,3637.709250930362,3597.5827490696365,0,0,3611.5075162441303,88.0,84.0,3613.0299999999997,3613.0299999999997,-24.259999999999764,1
93,3600.13,3602.58,3593.0,3593.0,145.001288,2019-01-15 15:25:00,3616.301499999999,11.420832431177907,3639.1431648623548,3593.4598351376435,0,1,3608.582436557606,100.0,80.0,3611.1949999999997,3611.1949999999997,-30.98999999999978,0
94,3593.02,3603.07,3593.0,3601.38,259.736729,2019-01-15 15:30:00,3615.2299999999996,11.77776942513199,3638.7855388502635,3591.6744611497356,0,0,3607.2412909318846,96.0,76.0,3611.1949999999997,3611.1949999999997,-21.409999999999854,1
95,3602.49,3607.11,3597.57,3601.6,119.766597,2019-01-15 15:35:00,3614.071,11.928095934874717,3637.9271918697495,3590.2148081302503,0,0,3606.1229751214782,92.0,72.0,3611.1949999999997,3611.1949999999997,-20.300000000000182,0
96,3601.32,3602.35,3599.0,3599.99,121.268152,2019-01-15 15:40:00,3612.9135,12.123360779047399,3637.1602215580947,3588.6667784419055,0,0,3604.9291605051803,88.0,68.0,3611.1949999999997,3611.1949999999997,-16.730000000000018,0
97,3599.3,3602.84,3598.07,3600.01,118.848922,2019-01-15 15:45:00,3611.8085,12.24754724102145,3636.303594482043,3587.313405517957,0,0,3603.9884603095215,84.0,64.0,3597.665,3611.1949999999997,-14.4399999999996,0
98,3600.01,3600.98,3580.0,3590.01,328.870787,2019-01-15 15:50:00,3610.0905,12.79061887931109,3635.671737758622,3584.5092622413777,0,0,3601.76463108091,100.0,60.0,3596.17,3609.7,-30.0,0
99,3590.35,3600.0,3589.0,3596.98,192.477191,2019-01-15 15:55:00,3608.7399999999993,12.671166606035063,3634.0823332120694,3583.397666787929,0,0,3600.717522141832,96.0,56.00000000000001,3595.8050000000003,3609.7,-25.5,0
100,3597.31,3605.78,3583.5,3601.02,265.787082,2019-01-15 16:00:00,3607.6515,12.33119718224365,3632.313894364487,3582.9891056355127,0,0,3600.3369130743604,92.0,52.0,3595.8050000000003,3609.7,-21.480000000000018,0
101,3601.02,3610.73,3596.44,3606.59,181.282486,2019-01-15 16:05:00,3606.886,11.866576857535424,3630.6191537150708,3583.152846284929,0,0,3600.8083418988763,88.0,48.0,3598.3,3609.7,-18.5,1
102,3607.8,3607.8,3591.95,3599.54,172.616223,2019-01-15 16:10:00,3606.0269999999996,11.7383667383592,3629.503733476718,3582.550266523281,0,0,3600.151635119884,84.0,44.0,3598.3,3609.7,-29.84999999999991,1
103,3599.52,3601.99,3595.12,3600.98,142.278411,2019-01-15 16:15:00,3605.3534999999997,11.615436768189046,3628.584373536378,3582.1226264636216,0,0,3599.701253511786,80.0,40.0,3598.3,3609.7,4.309999999999945,1
104,3600.53,3602.0,3599.35,3600.89,95.368485,2019-01-15 16:20:00,3604.3975,11.122003262855035,3626.64150652571,3582.15349347429,0,0,3599.932126754542,76.0,36.0,3598.3,3609.7,-1.4400000000000546,1
105,3600.87,3609.0,3600.59,3606.12,122.197273,2019-01-15 16:25:00,3603.5795,10.292787190936519,3624.1650743818727,3582.993925618127,0,0,3600.7795068678674,72.0,32.0,3598.3,3609.7,8.730000000000018,1
106,3606.1,3608.48,3600.94,3604.49,107.294635,2019-01-15 16:30:00,3602.679,9.289251230377275,3621.2575024607545,3584.1004975392457,0,0,3601.381751569878,68.0,28.000000000000004,3598.3,3609.7,4.379999999999654,1
107,3603.88,3605.97,3599.0,3604.98,122.758885,2019-01-15 16:35:00,3601.6735,7.685716947690315,3617.0449338953804,3586.3020661046194,0,0,3601.9264860045714,64.0,24.0,3601.785,3609.7,11.980000000000018,1
108,3604.99,3606.94,3601.54,3604.02,85.136526,2019-01-15 16:40:00,3600.405,4.15143919242894,3608.7078783848583,3592.102121615142,0,0,3602.4030389619766,60.0,20.0,3603.065,3609.7,2.6399999999998727,1
109,3604.28,3604.59,3598.6,3600.8,104.673398,2019-01-15 16:45:00,3600.6115000000004,4.057530069287465,3608.726560138575,3592.4964398614256,0,0,3602.1913504755207,56.00000000000001,16.0,3603.065,3609.7,-0.7999999999997272,0
110,3599.7,3602.24,3596.0,3602.18,95.42978,2019-01-15 16:50:00,3600.6040000000003,4.0543237478827,3608.712647495766,3592.4953525042347,0,0,3602.201240282289,52.0,12.0,3602.83,3609.7,2.1900000000000546,1
111,3601.94,3602.83,3599.0,3599.01,63.020717,2019-01-15 16:55:00,3600.685,4.002585348708777,3608.6901706974177,3592.679829302582,0,0,3601.783227585132,48.0,8.0,3602.565,3609.7,-1.0,0
112,3599.01,3600.0,3596.0,3596.53,78.951155,2019-01-15 17:00:00,3600.506,4.108307885763233,3608.7226157715263,3592.2893842284734,0,0,3601.058722439736,44.0,4.0,3601.325,3609.7,6.519999999999982,0
113,3597.15,3601.1,3596.2,3600.23,79.091886,2019-01-15 17:05:00,3600.8674999999994,3.7120584089683812,3608.2916168179363,3593.4433831820625,0,0,3601.154397751421,40.0,52.0,3601.325,3609.7,3.25,0
114,3600.32,3602.82,3595.5,3596.36,95.243665,2019-01-15 17:10:00,3600.616499999999,3.842991262300613,3608.3024825246002,3592.930517475398,0,0,3600.5430095117176,36.0,48.0,3600.67,3598.3,-4.6599999999998545,0
115,3596.41,3599.38,3593.78,3596.5,90.102658,2019-01-15 17:15:00,3600.361499999999,3.9422198862560287,3608.245939772511,3592.477060227487,0,0,3599.949504106778,32.0,44.0,3600.67,3598.3,-10.090000000000146,0
116,3594.78,3596.41,3592.05,3593.5,66.490952,2019-01-15 17:20:00,3600.036999999999,4.230945023217315,3608.4988900464336,3591.575109953564,0,0,3598.8880923241563,28.000000000000004,40.0,3598.76,3598.3,-6.039999999999964,1
117,3594.0,3597.5,3593.5,3595.36,71.382704,2019-01-15 17:25:00,3599.8044999999993,4.358352507423073,3608.5212050148452,3591.0877949851533,0,0,3598.365580756473,24.0,36.0,3597.84,3598.3,-5.619999999999891,1
118,3595.01,3598.79,3592.9,3597.75,78.054897,2019-01-15 17:30:00,3600.1914999999995,3.7430838327457074,3607.677667665491,3592.705332334508,0,0,3598.225655868196,20.0,32.0,3597.84,3598.3,-3.1399999999998727,1
119,3597.77,3604.0,3596.28,3601.57,100.634942,2019-01-15 17:35:00,3600.421,3.675924373544056,3607.772848747088,3593.0691512529115,0,0,3598.656957262297,16.0,28.000000000000004,3597.535,3598.3,-4.549999999999727,1
120,3601.57,3604.5,3595.8,3599.45,159.528562,2019-01-15 17:40:00,3600.3424999999997,3.6792217068880446,3607.700943413776,3592.9840565862237,0,0,3598.626038518103,12.0,24.0,3597.535,3598.3,-5.039999999999964,1
121,3599.87,3604.0,3597.5,3601.02,60.412306,2019-01-15 17:45:00,3600.064,3.380075365091545,3606.8241507301827,3593.303849269817,0,0,3598.8576269822256,8.0,20.0,3597.535,3598.3,-3.9600000000000364,1
122,3601.32,3603.55,3600.77,3602.58,40.948579,2019-01-15 17:50:00,3600.2160000000003,3.4233476997960457,3607.0626953995925,3593.369304600408,0,0,3599.2761293354783,4.0,16.0,3598.04,3598.3,-1.4400000000000546,1
123,3602.56,3604.0,3600.03,3602.37,79.724459,2019-01-15 17:55:00,3600.2855000000004,3.4536502047626016,3607.1928004095257,3593.378199590475,0,0,3599.6306921051896,72.0,12.0,3598.04,3598.3,1.569999999999709,1
124,3602.25,3604.0,3591.0,3598.98,114.632067,2019-01-15 18:00:00,3600.19,3.462451215694917,3607.11490243139,3593.26509756861,0,0,3599.5138699342815,68.0,8.0,3598.04,3600.045,-3.199999999999818,1
125,3598.77,3607.62,3598.17,3605.8,81.630931,2019-01-15 18:05:00,3600.1740000000004,3.434230780341693,3607.042461560684,3593.305538439317,0,0,3600.3702175557323,64.0,4.0,3600.58,3600.045,6.789999999999964,1
126,3605.8,3607.06,3592.08,3593.07,120.878421,2019-01-15 18:10:00,3599.6030000000005,3.6230477138531714,3606.8490954277067,3592.3569045722943,0,0,3599.3418745331924,100.0,16.0,3599.4350000000004,3599.83,-3.4600000000000364,0
127,3593.07,3596.0,3590.5,3593.04,80.432035,2019-01-15 18:15:00,3599.0060000000003,3.6737739093276627,3606.3535478186554,3591.658452181345,0,0,3598.486093543145,100.0,12.0,3599.42,3599.58,-7.190000000000055,0
128,3593.04,3599.48,3592.29,3597.39,116.123883,2019-01-15 18:20:00,3598.6745,3.4921648767390514,3605.658829753478,3591.690170246522,0,0,3598.293708626056,96.0,8.0,3599.42,3599.58,1.0299999999997453,1
129,3597.39,3598.32,3596.26,3597.25,74.735549,2019-01-15 18:25:00,3598.4970000000003,3.4685839671047485,3605.4341679342097,3591.559832065791,0,0,3598.1805979243954,92.0,4.0,3599.42,3599.58,0.75,1
130,3597.25,3597.27,3594.0,3596.5,54.140752,2019-01-15 18:30:00,3598.2130000000006,3.3826244871499274,3604.9782489743006,3591.4477510257007,0,0,3597.9705231838466,88.0,80.0,3599.42,3599.58,3.0,1
131,3596.45,3599.0,3595.66,3598.95,45.984734,2019-01-15 18:35:00,3598.2100000000005,3.3819069675045386,3604.9738139350097,3591.4461860649913,0,0,3598.199219783004,84.0,76.0,3599.42,3599.42,3.5899999999996908,1
132,3598.88,3601.0,3590.5,3594.99,177.831579,2019-01-15 18:40:00,3598.1330000000007,3.439216710089808,3605.0114334201803,3591.254566579821,0,0,3597.790853192893,80.0,72.0,3599.42,3599.42,-2.7600000000002183,0
133,3595.01,3595.66,3593.0,3593.05,66.419129,2019-01-15 18:45:00,3597.7740000000013,3.5806341690605876,3604.9352683381226,3590.61273166188,0,0,3597.1066077572564,76.0,68.0,3599.42,3599.42,-8.519999999999982,0
134,3593.65,3596.5,3592.7,3595.0,46.26461,2019-01-15 18:50:00,3597.706000000001,3.621580637760535,3604.9491612755223,3590.4628387244798,0,0,3596.7151824626085,72.0,64.0,3595.995,3599.42,-4.449999999999818,1
135,3595.25,3599.0,3592.0,3596.98,43.515379,2019-01-15 18:55:00,3597.730000000001,3.614751938786386,3604.9595038775738,3590.500496122428,0,0,3596.7001255478217,68.0,60.0,3595.995,3599.42,-4.039999999999964,0
136,3596.96,3600.0,3595.47,3599.39,66.598048,2019-01-15 19:00:00,3598.024500000001,3.489761679393126,3605.004023358787,3591.044976641215,0,0,3597.0045787432737,64.0,56.00000000000001,3596.2200000000003,3599.42,-3.1900000000000546,0
137,3599.39,3599.39,3592.26,3593.94,58.838674,2019-01-15 19:05:00,3597.953500000001,3.5605518126464033,3605.074603625294,3590.832396374708,0,0,3596.4530470140744,60.0,52.0,3596.2200000000003,3599.42,-8.429999999999836,0
138,3593.59,3596.49,3592.92,3594.67,51.223413,2019-01-15 19:10:00,3597.799500000001,3.635632826984132,3605.0707656539694,3590.5282343460326,0,0,3596.08003450833,56.00000000000001,48.0,3596.2200000000003,3599.42,-4.309999999999945,0
139,3594.34,3594.69,3592.26,3593.84,60.201325,2019-01-15 19:15:00,3597.4130000000005,3.624565454899984,3604.6621309098005,3590.1638690902005,0,0,3595.699812458038,52.0,44.0,3596.2200000000003,3599.42,-11.960000000000036,0
140,3593.68,3597.0,3592.0,3595.17,76.548947,2019-01-15 19:20:00,3597.1990000000005,3.6243168503306666,3604.4476337006618,3589.9503662993393,0,0,3595.426326262327,48.0,40.0,3596.2200000000003,3599.42,2.099999999999909,0
141,3593.94,3598.6,3593.94,3595.6,50.771038,2019-01-15 19:25:00,3596.928000000001,3.5248420643992806,3603.9776841287994,3589.878315871202,0,0,3595.497364443346,44.0,36.0,3596.2200000000003,3599.42,2.5599999999999454,0
142,3595.59,3604.0,3595.02,3597.35,91.159829,2019-01-15 19:30:00,3596.6665000000007,3.2681159468592575,3603.2027318937194,3590.130268106282,0,0,3595.812978604931,40.0,32.0,3596.615,3599.42,-0.03999999999996362,0
143,3597.35,3601.02,3597.35,3599.23,61.231312,2019-01-15 19:35:00,3596.509500000001,3.0476884683330097,3602.604876936667,3590.414123063335,0,0,3596.2759818893574,36.0,28.000000000000004,3596.615,3599.42,1.9800000000000182,0
144,3600.18,3603.92,3589.01,3589.11,116.237534,2019-01-15 19:40:00,3596.016000000001,3.404780540111918,3602.825561080225,3589.206438919777,0,1,3595.221523573975,100.0,24.0,3594.25,3597.455,-7.389999999999873,1
145,3590.92,3602.0,3589.06,3600.01,77.902145,2019-01-15 19:45:00,3595.7265000000007,2.702895669464152,3601.132291338929,3590.3207086610723,0,0,3595.888519752908,96.0,20.0,3594.5600000000004,3597.455,1.0600000000004002,1
146,3601.14,3602.0,3599.17,3601.1,34.418259,2019-01-15 19:50:00,3596.1280000000006,2.878237033508854,3601.8844740670183,3590.371525932983,0,0,3596.5818746542254,92.0,16.0,3595.105,3597.455,6.110000000000127,1
147,3601.7,3605.0,3600.1,3604.14,65.988235,2019-01-15 19:55:00,3596.683000000001,3.291908900704475,3603.26681780141,3590.0991821985917,1,0,3597.705043491956,88.0,12.0,3596.625,3597.455,11.08999999999969,1
148,3604.14,3605.0,3600.58,3602.34,78.366986,2019-01-15 20:00:00,3596.930500000001,3.525645107078292,3603.9817902141576,3589.879209785844,0,0,3598.465545890951,84.0,8.0,3596.625,3597.455,7.3400000000001455,1
149,3602.35,3605.0,3599.5,3603.37,139.672501,2019-01-15 20:05:00,3597.2365000000004,3.809031200216707,3604.8545624004337,3589.618437599567,0,0,3599.2417976850506,80.0,4.0,3596.625,3597.455,6.389999999999873,1
150,3603.76,3604.65,3597.65,3598.55,108.534188,2019-01-15 20:10:00,3597.339000000001,3.815745633143846,3604.9704912662887,3589.707508733713,0,0,3599.185934228641,76.0,88.0,3596.625,3597.455,-0.8399999999996908,1
151,3597.95,3602.26,3597.83,3600.29,82.164828,2019-01-15 20:15:00,3597.4060000000004,3.857062421886666,3605.1201248437737,3589.691875156227,0,0,3599.341490302799,72.0,84.0,3596.625,3596.625,6.349999999999909,1
152,3600.1,3604.53,3597.5,3601.24,123.372038,2019-01-15 20:20:00,3597.7185000000004,3.9039187801644175,3605.526337560329,3589.910662439672,0,0,3599.7211365982726,68.0,80.0,3596.625,3596.625,6.569999999999709,1
153,3602.0,3604.55,3599.34,3603.45,75.0922,2019-01-15 20:25:00,3598.2385000000004,3.94180198573622,3606.122103971473,3590.354896028528,0,0,3600.35843357576,64.0,76.0,3601.3450000000003,3596.625,9.609999999999673,1
154,3602.96,3603.81,3541.0,3551.65,1121.633676,2019-01-15 20:30:00,3596.071,11.147946660118595,3618.366893320237,3573.7751066797628,0,1,3593.447275037636,100.0,72.0,3577.895,3577.895,-43.51999999999998,1
155,3551.58,3579.25,3522.0,3522.86,1045.95954,2019-01-15 20:35:00,3592.3650000000002,19.795790488197834,3631.956580976396,3552.7734190236047,0,1,3583.213993178463,100.0,68.0,3563.5,3563.5,-72.73999999999978,0
156,3522.86,3552.27,3516.62,3529.42,868.236078,2019-01-15 20:40:00,3588.8665,24.18516885135187,3637.2368377027037,3540.4961622972965,0,1,3575.199391926448,96.0,64.0,3563.1549999999997,3563.5,-67.92999999999984,0
157,3530.44,3544.88,3527.82,3543.02,294.6674,2019-01-15 20:45:00,3586.3205000000003,26.217756432776437,3638.756012865553,3533.8849871344473,0,0,3570.117662558661,92.0,60.0,3563.1549999999997,3563.5,-56.210000000000036,0
158,3543.0,3551.59,3535.0,3537.43,318.233969,2019-01-15 20:50:00,3583.4584999999997,28.299888650514827,3640.058277301029,3526.8587226989703,0,0,3564.826752184116,88.0,56.00000000000001,3563.1549999999997,3563.5,-51.68000000000029,0
159,3536.32,3539.56,3531.93,3532.59,206.152352,2019-01-15 20:55:00,3580.3959999999997,30.356687358280126,3641.10937471656,3519.6826252834394,0,0,3559.695153009123,84.0,52.0,3563.1549999999997,3563.5,-67.42000000000007,0
160,3534.42,3543.2,3524.42,3542.9,313.952252,2019-01-15 21:00:00,3577.7825,31.25456781352856,3640.291635627057,3515.2733643729425,0,0,3556.482250138651,80.0,48.0,3563.1549999999997,3563.5,-58.19999999999982,1
161,3540.74,3549.31,3533.5,3540.49,210.96963,2019-01-15 21:05:00,3575.0269999999996,32.02098310400996,3639.0689662080194,3510.9850337919797,0,0,3553.3014684774525,76.0,44.0,3563.1549999999997,3563.5,-63.65000000000009,1
162,3540.51,3540.99,3530.5,3533.87,245.348972,2019-01-15 21:10:00,3571.852999999999,32.827796806331676,3637.5085936126625,3506.197406387336,0,0,3549.502437571176,72.0,40.0,3537.255,3563.5,-68.47000000000025,0
163,3533.87,3540.13,3532.89,3536.11,137.038254,2019-01-15 21:15:00,3568.696999999999,33.09036735333774,3634.877734706675,3502.5162652933236,0,0,3546.537055889364,68.0,36.0,3532.94,3563.5,-67.25999999999976,0
164,3537.06,3541.09,3536.59,3541.09,131.307997,2019-01-15 21:20:00,3566.2959999999994,33.27290321599443,3632.841806431988,3499.7501935680107,0,0,3544.641862493689,64.0,32.0,3536.2200000000003,3563.5,-57.460000000000036,0
165,3540.6,3546.88,3538.57,3544.99,215.66832,2019-01-15 21:25:00,3563.5449999999996,32.60657626598256,3628.7581525319647,3498.3318474680345,0,0,3543.641087467894,60.0,28.000000000000004,3538.79,3563.5,-55.30000000000018,0
166,3544.12,3550.0,3543.52,3545.85,147.567921,2019-01-15 21:30:00,3560.7825,31.581718875088363,3623.9459377501767,3497.619062249823,0,0,3542.8557514198687,56.00000000000001,24.0,3539.2200000000003,3563.5,-55.38999999999987,0
167,3545.87,3547.62,3542.34,3546.96,128.283861,2019-01-15 21:35:00,3557.9235,29.998601243704478,3617.920702487409,3497.9262975125907,0,0,3542.3104519961103,52.0,20.0,3539.775,3563.5,-56.48999999999978,0
168,3545.94,3546.95,3540.7,3541.59,89.026313,2019-01-15 21:40:00,3554.886,28.291560095396026,3611.469120190792,3498.3028798092078,0,0,3541.014273085036,48.0,16.0,3540.415,3563.5,-10.059999999999945,0
169,3541.59,3546.74,3540.78,3542.33,96.771551,2019-01-15 21:45:00,3551.8340000000003,25.984302832364417,3603.802605664729,3499.8653943352715,0,0,3540.997021185492,44.0,12.0,3540.415,3563.5,19.4699999999998,0
170,3542.41,3543.57,3538.24,3541.42,100.355096,2019-01-15 21:50:00,3548.9775,23.610179311158635,3596.197858622317,3501.7571413776827,0,0,3541.4117692560035,40.0,8.0,3540.415,3563.5,12.0,0
171,3540.42,3542.61,3535.78,3539.33,114.472847,2019-01-15 21:55:00,3545.9295000000006,20.346558347266903,3586.6226166945344,3505.236383305467,0,0,3541.3447694552665,36.0,4.0,3541.535,3563.5,-3.6900000000000546,0
172,3539.57,3546.35,3536.05,3543.08,112.372839,2019-01-15 22:00:00,3543.0215000000003,15.636336317079925,3574.29417263416,3511.7488273658405,0,0,3541.562843130208,32.0,24.0,3543.145,3563.5,5.650000000000091,0
173,3543.08,3547.58,3542.03,3545.78,104.011039,2019-01-15 22:05:00,3540.1380000000004,6.6297555722014305,3553.3975111444033,3526.8784888555974,0,0,3542.252792817117,28.000000000000004,20.0,3543.145,3563.1549999999997,13.190000000000055,1
174,3545.78,3547.24,3545.0,3547.0,70.364776,2019-01-15 22:10:00,3539.9055000000008,6.276938974890796,3552.4593779497823,3527.3516220502192,0,0,3543.1271543349353,24.0,16.0,3543.165,3563.1549999999997,4.099999999999909,0
175,3546.69,3550.0,3546.2,3548.94,107.361872,2019-01-15 22:15:00,3541.209500000001,5.158866128967801,3551.5272322579362,3530.8917677420654,0,0,3543.9715256325585,20.0,12.0,3544.135,3563.1549999999997,8.450000000000273,0
176,3548.95,3557.5,3545.52,3554.62,192.313361,2019-01-15 22:20:00,3542.4695000000006,5.205064815793858,3552.879629631588,3532.059370368413,1,0,3545.578086216483,16.0,8.0,3546.975,3563.1549999999997,20.75,1
177,3554.61,3554.69,3545.01,3548.01,85.072556,2019-01-15 22:25:00,3542.719,5.350407657836632,3553.4198153156735,3532.0181846843266,0,0,3546.157771703559,12.0,4.0,3546.975,3563.1549999999997,11.900000000000091,0
178,3549.17,3553.93,3546.66,3551.55,88.295344,2019-01-15 22:30:00,3543.4250000000006,5.543866691625333,3554.512733383251,3532.33726661675,0,0,3547.13284340315,8.0,92.0,3546.975,3563.1549999999997,10.460000000000036,0
179,3551.14,3554.69,3550.15,3550.34,69.237453,2019-01-15 22:35:00,3544.312500000001,5.122815709085449,3554.558131418172,3534.06686858183,0,0,3547.714090908681,4.0,88.0,3546.975,3538.74,5.350000000000364,0
180,3550.19,3551.82,3545.0,3548.99,83.239304,2019-01-15 22:40:00,3544.617000000001,5.2146101433519085,3555.0462202867047,3534.1877797132975,0,0,3547.9515700017114,4.0,84.0,3548.85,3538.74,3.1399999999998727,0
181,3548.99,3549.38,3546.92,3548.58,42.497387,2019-01-15 22:45:00,3545.021500000001,5.191348344251277,3555.404196688504,3534.6388033114986,0,0,3548.0833522381376,12.0,80.0,3550.2,3542.02,1.6199999999998909,0
182,3548.58,3552.15,3546.25,3549.41,49.050781,2019-01-15 22:50:00,3545.7985000000017,4.5588563604893135,3554.91621272098,3536.680787279023,0,0,3548.2969523630472,8.0,76.0,3550.81,3543.605,7.819999999999709,0
183,3549.41,3549.9,3541.65,3543.97,106.047127,2019-01-15 22:55:00,3546.1915000000017,3.9819834716139417,3554.1554669432294,3538.227533056774,0,0,3547.802487639352,4.0,72.0,3549.295,3543.605,1.6399999999998727,0
184,3543.97,3549.32,3542.43,3547.57,66.586744,2019-01-15 23:00:00,3546.5155000000022,3.80472763390595,3554.124955267814,3538.9060447321904,0,0,3547.8755941826007,12.0,68.0,3549.295,3543.605,6.150000000000091,0
185,3548.36,3554.45,3547.31,3552.3,107.190273,2019-01-15 23:05:00,3546.881000000002,3.996739328871164,3554.8744786577445,3538.88752134226,0,0,3548.64077895177,8.0,64.0,3548.135,3544.245,12.970000000000255,0
186,3551.9,3552.31,3549.45,3550.41,45.580546,2019-01-15 23:10:00,3547.1090000000017,4.06432346928073,3555.237646938563,3538.9803530614404,0,0,3549.077965147623,4.0,60.0,3548.135,3544.245,7.329999999999927,1
187,3551.8,3558.18,3550.0,3556.67,185.508573,2019-01-15 23:15:00,3547.5945000000015,4.591365437289634,3556.7772308745807,3538.4117691254223,0,0,3550.291942080523,4.0,100.0,3550.3199999999997,3545.27,10.889999999999873,1
188,3556.64,3558.12,3550.0,3553.33,98.01134,2019-01-15 23:20:00,3548.1815000000015,4.533400344554069,3557.24830068911,3539.1146993108932,0,0,3550.818906307319,32.0,96.0,3550.3199999999997,3546.3900000000003,6.329999999999927,1
189,3553.71,3565.1,3552.05,3560.64,140.111294,2019-01-15 23:25:00,3549.0970000000016,5.102600059598738,3559.302200119199,3538.8917998808042,1,0,3552.312490475964,28.000000000000004,100.0,3552.305,3549.9849999999997,11.699999999999818,1
190,3560.62,3562.04,3550.23,3556.0,109.793015,2019-01-15 23:30:00,3549.826000000002,4.98830358251954,3559.802607165041,3539.8493928349626,0,0,3552.911082322395,24.0,96.0,3552.305,3549.9849999999997,1.3800000000001091,1
191,3555.7,3557.09,3550.0,3556.18,56.786117,2019-01-15 23:35:00,3550.668500000001,4.523572499440632,3559.7156449988825,3541.62135500112,0,0,3553.3501133101754,20.0,92.0,3552.305,3549.9849999999997,8.169999999999618,0
192,3556.2,3558.0,3555.27,3556.56,42.862829,2019-01-15 23:40:00,3551.342500000001,4.333652737868489,3560.009805475738,3542.675194524264,0,0,3553.918053747419,16.0,88.0,3554.105,3549.9849999999997,5.0099999999997635,0
193,3556.14,3558.72,3551.01,3554.31,96.097454,2019-01-15 23:45:00,3551.769000000001,4.17421268968808,3560.1174253793774,3543.420574620625,0,0,3554.0208604440563,12.0,84.0,3555.5249999999996,3549.9849999999997,3.9699999999998,0
194,3555.24,3558.52,3554.29,3556.31,44.022072,2019-01-15 23:50:00,3552.234500000001,4.133308188213714,3560.5011163764284,3543.9678836235735,0,0,3554.4234036450484,8.0,80.0,3555.5249999999996,3549.9849999999997,7.320000000000164,0
195,3557.05,3559.03,3553.06,3553.06,72.21748,2019-01-15 23:55:00,3552.4405000000006,4.062534177970266,3560.565568355941,3544.31543164406,0,0,3554.332333479024,4.0,76.0,3556.85,3549.9849999999997,4.480000000000018,0
196,3553.06,3553.06,3545.99,3547.85,110.371062,2019-01-16 00:00:00,3552.102000000001,4.152426811017857,3560.406853622037,3543.7971463779654,0,0,3553.5078085358136,4.0,72.0,3554.245,3549.9849999999997,-1.5599999999999454,0
197,3548.29,3551.9,3547.02,3551.86,45.116903,2019-01-16 00:05:00,3552.2945000000013,4.040474796203448,3560.375449592408,3544.2135504075945,0,0,3553.3496016235144,44.0,68.0,3554.245,3551.8599999999997,7.890000000000327,0
198,3551.84,3551.84,3543.51,3545.25,89.251015,2019-01-16 00:10:00,3551.9795000000013,4.336318442110329,3560.652136884222,3543.3068631157807,0,0,3552.3621083666926,40.0,64.0,3550.9049999999997,3552.305,-2.3200000000001637,0
199,3545.68,3547.5,3543.92,3546.07,74.003653,2019-01-16 00:15:00,3551.766000000002,4.52241249076735,3560.8108249815364,3542.7211750184674,0,0,3551.5463483996245,36.0,60.0,3550.9049999999997,3552.305,-6.230000000000018,0
200,3546.69,3556.32,3545.03,3556.0,138.170868,2019-01-16 00:20:00,3552.1165000000015,4.567365098957528,3561.2512301979164,3542.9817698020865,0,0,3552.1751960220404,32.0,56.00000000000001,3550.9049999999997,3552.305,5.5900000000001455,0
201,3556.0,3562.95,3554.03,3556.13,147.316506,2019-01-16 00:25:00,3552.4940000000015,4.571691383401883,3561.6373827668053,3543.3506172331977,0,0,3552.7810728722466,28.000000000000004,52.0,3550.7799999999997,3552.305,-0.5399999999999636,0
202,3556.63,3560.11,3554.16,3560.04,52.316936,2019-01-16 00:30:00,3553.025500000001,4.806180751996512,3562.637861503994,3543.4131384960083,0,0,3553.7541457229145,24.0,48.0,3552.645,3552.305,6.710000000000036,0
203,3560.04,3560.6,3555.04,3559.0,58.816411,2019-01-16 00:35:00,3553.777000000001,4.479694655926538,3562.736389311854,3544.817610688148,0,0,3554.520428979803,20.0,44.0,3552.645,3552.305,-1.6399999999998727,1
204,3558.51,3563.62,3558.38,3563.45,76.911481,2019-01-16 00:40:00,3554.571000000001,4.722382204356555,3564.015764408714,3545.1262355912877,0,0,3555.6914136531,16.0,100.0,3554.35,3553.71,7.449999999999818,0
205,3563.45,3564.92,3557.84,3563.5,129.321684,2019-01-16 00:45:00,3555.1310000000003,5.088762542145259,3565.308525084291,3544.9534749157096,0,0,3556.813719052617,12.0,100.0,3554.375,3553.7349999999997,7.320000000000164,0
206,3563.63,3564.06,3560.01,3561.62,58.173842,2019-01-16 00:50:00,3555.6915,5.158287429985178,3566.0080748599703,3545.3749251400295,0,0,3557.5205711920366,8.0,96.0,3554.375,3553.7349999999997,5.059999999999945,0
207,3561.62,3565.47,3560.41,3561.05,91.068193,2019-01-16 00:55:00,3555.9105000000004,5.293230507954851,3566.49696101591,3545.3240389840907,0,0,3558.049294080584,4.0,92.0,3554.785,3553.7349999999997,6.7400000000002365,0
208,3561.05,3564.24,3561.0,3563.92,53.830544,2019-01-16 01:00:00,3556.44,5.5451885260369576,3567.530377052074,3545.349622947926,0,0,3558.9705043925296,60.0,100.0,3559.96,3553.9449999999997,7.610000000000127,0
209,3563.95,3567.95,3558.52,3565.4,82.672116,2019-01-16 01:05:00,3556.678,5.829787032295812,3568.3375740645915,3545.0184259354082,0,0,3559.9514246561216,56.00000000000001,100.0,3560.7650000000003,3555.325,12.340000000000146,0
210,3565.4,3568.0,3562.89,3562.92,79.147028,2019-01-16 01:10:00,3557.024,5.990564862201312,3569.0051297244027,3545.042870275597,0,0,3560.514743049665,52.0,96.0,3562.2,3555.325,15.070000000000164,0
211,3563.31,3565.95,3560.03,3560.88,81.850056,2019-01-16 01:15:00,3557.2590000000005,6.047628417281029,3569.3542568345624,3545.1637431654385,0,0,3560.814454080881,48.0,92.0,3562.2,3555.325,9.019999999999982,1
212,3560.88,3563.99,3559.51,3562.85,54.917892,2019-01-16 01:20:00,3557.573500000001,6.171645071985099,3569.916790143971,3545.230209856031,0,0,3561.2831761003235,44.0,88.0,3563.1400000000003,3555.325,17.59999999999991,1
213,3561.73,3564.07,3561.0,3563.0,48.933429,2019-01-16 01:25:00,3558.0080000000007,6.235363999827831,3570.4787279996563,3545.537272000345,0,0,3561.8438617390148,40.0,84.0,3563.1400000000003,3555.325,16.929999999999836,0
214,3563.28,3563.61,3559.0,3559.93,47.844476,2019-01-16 01:30:00,3558.1890000000008,6.236020914167005,3570.661041828335,3545.7169581716666,0,0,3561.874865953811,36.0,80.0,3562.665,3555.325,3.9299999999998363,1
215,3559.0,3564.71,3558.34,3564.48,32.436054,2019-01-16 01:35:00,3558.7600000000007,6.264437640139249,3571.288875280279,3546.231124719722,0,0,3562.3658474776093,32.0,76.0,3562.665,3555.325,8.349999999999909,1
216,3564.69,3569.89,3563.0,3567.96,72.008681,2019-01-16 01:40:00,3559.7655000000004,6.030674637117769,3571.826849274236,3547.704150725765,0,0,3563.29577331835,28.000000000000004,100.0,3563.9449999999997,3556.605,7.920000000000073,1
217,3567.96,3567.98,3565.5,3565.96,40.131519,2019-01-16 01:45:00,3560.470500000001,5.880145428727761,3572.230790857456,3548.7102091425454,0,0,3563.7442275293465,24.0,96.0,3563.9449999999997,3556.605,6.960000000000036,1
218,3566.35,3568.0,3565.86,3567.58,37.777504,2019-01-16 01:50:00,3561.587000000001,4.87148534571525,3571.3299706914313,3551.8440293085705,0,0,3564.390988617619,20.0,92.0,3563.9449999999997,3556.605,4.130000000000109,1
219,3567.56,3568.96,3567.28,3568.74,42.567114,2019-01-16 01:55:00,3562.720500000001,3.5212714136030816,3569.763042827207,3555.677957172795,0,0,3565.0377574192917,16.0,100.0,3564.335,3556.995,5.239999999999782,1
220,3567.83,3568.79,3565.5,3565.5,83.065788,2019-01-16 02:00:00,3563.1955000000007,3.1923897581998855,3569.5802795164004,3556.810720483601,0,0,3565.1345329701876,12.0,96.0,3564.335,3556.995,3.880000000000109,0
221,3565.5,3566.61,3562.55,3562.79,72.914419,2019-01-16 02:05:00,3563.5285000000003,2.730539323986979,3568.989578647974,3558.0674213520265,0,0,3564.8642785574743,8.0,92.0,3564.335,3556.995,1.7399999999997817,0
222,3562.59,3563.04,3559.89,3561.44,78.446866,2019-01-16 02:10:00,3563.598500000001,2.653252770279783,3568.9050055405605,3558.2919944594414,0,0,3564.44384780731,4.0,88.0,3564.335,3556.995,-2.480000000000018,0
223,3561.46,3561.5,3557.0,3557.98,60.552062,2019-01-16 02:15:00,3563.5475000000006,2.754179360028631,3569.055858720058,3558.039141279943,0,1,3563.520051003322,4.0,84.0,3563.3599999999997,3556.995,-7.420000000000073,0
224,3557.02,3561.47,3555.87,3560.03,52.800123,2019-01-16 02:20:00,3563.3765000000008,2.8645111183598444,3569.1055222367204,3557.647477763281,0,0,3562.9790924399,4.0,80.0,3563.3599999999997,3557.4049999999997,-2.8899999999998727,0
225,3560.03,3561.14,3555.38,3557.1,91.591887,2019-01-16 02:25:00,3563.056500000001,3.189078855595572,3569.4346577111924,3556.6783422888097,0,0,3562.1307297705375,4.0,76.0,3562.92,3562.37,-3.7800000000002,0
226,3557.17,3560.0,3555.4,3559.03,57.061065,2019-01-16 02:30:00,3562.927000000001,3.301100454449102,3569.5292009088994,3556.3247990911027,0,0,3561.707067963035,96.0,72.0,3562.92,3562.435,-3.819999999999709,0
227,3559.03,3563.16,3558.0,3561.64,57.140425,2019-01-16 02:35:00,3562.956500000001,3.286045896121484,3569.5285917922442,3556.384408207758,0,0,3561.675092354529,92.0,68.0,3562.92,3562.92,-1.3600000000001273,0
228,3562.76,3563.16,3560.74,3563.0,76.009464,2019-01-16 02:40:00,3562.910500000001,3.278278551770068,3569.467057103541,3556.353942896461,0,0,3561.8407058102143,88.0,64.0,3561.3,3562.92,3.0700000000001637,0
229,3563.05,3565.43,3562.27,3565.07,40.306947,2019-01-16 02:45:00,3562.8940000000016,3.265896185517012,3569.4257923710356,3556.3622076289676,0,0,3562.344585320687,84.0,60.0,3561.085,3562.92,0.5900000000001455,0
230,3564.36,3565.75,3563.0,3564.08,42.617946,2019-01-16 02:50:00,3562.952000000002,3.2766648640678673,3569.505329728138,3556.398670271866,0,0,3562.5537131099395,80.0,56.00000000000001,3561.085,3562.92,-3.880000000000109,0
231,3564.21,3565.94,3562.27,3564.83,49.622941,2019-01-16 02:55:00,3563.149500000002,3.2642214756268686,3569.6779429512553,3556.6210570487483,0,0,3562.7772214388965,76.0,52.0,3561.085,3562.92,-1.1300000000001091,0
232,3564.85,3566.31,3563.79,3564.87,34.635139,2019-01-16 03:00:00,3563.250500000001,3.2856473767051133,3569.8217947534113,3556.6792052465908,0,0,3563.0175663596065,72.0,48.0,3561.085,3562.92,-2.7100000000000364,0
233,3564.45,3566.0,3564.45,3565.95,65.189019,2019-01-16 03:05:00,3563.398000000001,3.339583333582817,3570.0771666671667,3556.7188333328354,0,0,3563.3523394535837,68.0,44.0,3561.5249999999996,3562.92,-2.7899999999999636,0
234,3565.95,3567.9,3565.13,3567.07,42.678736,2019-01-16 03:10:00,3563.755000000002,3.330963982463789,3570.4169279649295,3557.0930720350743,0,0,3563.784486006249,64.0,40.0,3563.05,3562.92,1.5700000000001637,0
235,3567.07,3567.93,3564.08,3565.89,59.35212,2019-01-16 03:15:00,3563.8255000000017,3.361894007197288,3570.549288014396,3557.1017119856074,0,0,3564.055279324988,60.0,36.0,3564.355,3562.92,3.099999999999909,0
236,3565.79,3571.0,3565.48,3566.54,90.593444,2019-01-16 03:20:00,3563.7545000000014,3.284075572860709,3570.322651145723,3557.18634885428,0,0,3564.438985462442,56.00000000000001,32.0,3565.035,3562.92,5.099999999999909,0
237,3566.54,3571.42,3562.38,3564.01,108.058251,2019-01-16 03:25:00,3563.6570000000006,3.2438510251741235,3570.1447020503488,3557.1692979496524,0,0,3564.4354711480114,52.0,28.000000000000004,3565.54,3562.92,6.0300000000002,0
238,3563.45,3566.44,3560.0,3565.27,54.070589,2019-01-16 03:30:00,3563.5415000000007,3.1361546601642987,3569.8138093203293,3557.269190679672,0,0,3564.681924861693,48.0,24.0,3565.54,3562.92,5.239999999999782,0
239,3565.18,3570.53,3564.93,3566.75,52.298587,2019-01-16 03:35:00,3563.4420000000005,2.990739391037231,3569.423478782075,3557.460521217926,0,0,3565.071458221096,44.0,20.0,3565.54,3562.92,9.650000000000091,0
240,3566.73,3569.07,3565.0,3567.7,34.553934,2019-01-16 03:40:00,3563.5520000000006,3.1085545803131787,3569.769109160627,3557.334890839374,0,0,3565.6067006534895,40.0,16.0,3565.855,3562.92,8.669999999999618,0
241,3567.09,3570.28,3566.71,3568.89,31.304924,2019-01-16 03:45:00,3563.857000000001,3.3217958047207503,3570.5005916094424,3557.2134083905594,0,0,3566.2093595473602,36.0,100.0,3566.45,3562.995,7.25,0
242,3568.87,3572.54,3568.33,3571.12,60.177706,2019-01-16 03:50:00,3564.3410000000003,3.64096849461622,3571.6229369892326,3557.059063010768,0,0,3567.0080269861196,32.0,100.0,3567.565,3564.1099999999997,8.11999999999989,0
243,3572.08,3575.37,3571.12,3572.5,70.968083,2019-01-16 03:55:00,3565.0670000000005,3.751784277247393,3572.5705685544954,3557.5634314455056,0,0,3567.8797509473175,28.000000000000004,100.0,3568.255,3564.8,7.429999999999836,1
244,3572.55,3580.0,3571.26,3579.99,126.737963,2019-01-16 04:00:00,3566.065000000001,4.838694364985187,3575.7423887299715,3556.3876112700304,1,0,3569.684436482078,24.0,100.0,3572.0,3568.545,15.909999999999854,1
245,3579.55,3583.71,3574.5,3578.75,203.135289,2019-01-16 04:05:00,3567.1475000000005,5.139875971251124,3577.4272519425026,3556.8677480574984,1,0,3571.1036619214565,20.0,96.0,3572.0,3568.545,13.920000000000073,1
246,3577.89,3579.55,3574.0,3578.36,74.401715,2019-01-16 04:10:00,3568.1140000000005,5.346381363507193,3578.8067627270148,3557.421237272986,0,0,3572.2745069007774,16.0,92.0,3572.63,3568.545,13.490000000000236,1
247,3578.37,3578.9,3574.36,3578.32,83.399945,2019-01-16 04:15:00,3568.9480000000012,5.579241223627788,3580.106482447257,3557.7895175527456,0,0,3573.2924364485502,12.0,88.0,3573.37,3568.545,12.370000000000346,1
248,3578.34,3583.07,3573.77,3574.0,196.726513,2019-01-16 04:20:00,3569.498000000001,5.50370554596557,3580.5054110919323,3558.4905889080696,0,0,3573.537837686421,8.0,84.0,3573.845,3568.545,6.929999999999836,1
249,3579.49,3580.58,3575.71,3577.83,166.978189,2019-01-16 04:25:00,3570.136000000001,5.699486957507544,3581.534973915016,3558.7370260849857,0,0,3574.2841523039147,4.0,80.0,3574.4399999999996,3568.545,11.940000000000055,1
250,3577.83,3582.0,3576.65,3580.12,74.685733,2019-01-16 04:30:00,3570.9380000000006,5.926479029243463,3582.7909580584874,3559.0850419415137,0,0,3575.291084315335,4.0,100.0,3575.62,3568.6099999999997,13.579999999999927,1
251,3581.58,3582.83,3578.09,3578.8,129.635349,2019-01-16 04:35:00,3571.6365000000005,5.991596110154796,3583.6196922203103,3559.6533077796907,0,0,3575.9687395254446,4.0,96.0,3576.31,3569.575,14.789999999999964,1
252,3578.49,3580.66,3578.0,3579.08,54.711699,2019-01-16 04:40:00,3572.3470000000007,5.989504943944831,3584.3260098878905,3560.367990112111,0,0,3576.651476130064,4.0,92.0,3577.06,3570.88,13.809999999999945,0
253,3579.64,3580.0,3573.6,3574.59,112.092496,2019-01-16 04:45:00,3572.779000000001,5.812808814647647,3584.4046176292964,3561.1533823707055,0,0,3576.575509377721,36.0,88.0,3577.06,3571.56,7.8400000000001455,0
254,3574.32,3575.71,3570.57,3572.64,152.068818,2019-01-16 04:50:00,3573.0575000000003,5.6562102571899375,3584.3699205143803,3561.7450794856204,0,0,3576.1984116528715,32.0,84.0,3576.38,3572.065,4.940000000000055,0
255,3572.0,3573.66,3571.23,3572.95,63.104246,2019-01-16 04:55:00,3573.4105000000004,5.39984354060508,3584.2101870812107,3562.61081291879,0,0,3575.8947226705704,28.000000000000004,80.0,3576.38,3572.065,4.059999999999945,0
256,3572.63,3574.26,3571.6,3573.25,80.046533,2019-01-16 05:00:00,3573.7460000000005,5.15332636570164,3584.0526527314037,3563.4393472685974,0,0,3575.6491419344616,24.0,76.0,3576.38,3572.065,2.130000000000109,0
257,3573.81,3574.99,3570.62,3572.64,77.361324,2019-01-16 05:05:00,3574.1775000000007,4.6299276736267485,3583.437355347254,3564.917644652747,0,0,3575.302635566167,20.0,72.0,3576.38,3572.065,0.13999999999987267,0
258,3572.63,3572.66,3570.0,3570.02,59.267238,2019-01-16 05:10:00,3574.415000000001,4.2556556795651295,3582.926311359131,3565.9036886408708,0,0,3574.593952037294,16.0,68.0,3575.0699999999997,3572.065,-9.9699999999998,0
259,3570.28,3575.0,3570.0,3572.95,82.874421,2019-01-16 05:15:00,3574.725000000001,3.8768781526355927,3582.478756305272,3566.9712436947298,0,0,3574.2511948289884,12.0,64.0,3574.55,3572.065,-5.800000000000182,0
260,3572.95,3574.06,3570.76,3571.44,60.189385,2019-01-16 05:20:00,3574.912000000001,3.6005461573816335,3582.1130923147643,3567.710907685238,0,0,3573.7572679159002,8.0,60.0,3574.55,3572.065,-6.920000000000073,1
261,3571.53,3577.77,3570.84,3576.46,80.962045,2019-01-16 05:25:00,3575.2905000000014,3.3212338781755646,3581.9329677563524,3568.6480322436505,0,0,3574.0580639595205,4.0,56.00000000000001,3573.24,3572.065,-1.8600000000001273,1
262,3576.19,3579.5,3574.0,3578.28,60.238467,2019-01-16 05:30:00,3575.6485000000016,3.2327441088866973,3582.113988217775,3569.1830117822283,0,0,3574.5850260600137,4.0,52.0,3574.15,3572.065,4.2800000000002,1
263,3577.81,3581.95,3575.14,3575.15,116.649828,2019-01-16 05:35:00,3575.7810000000013,3.150157723681144,3582.0813154473635,3569.480684552639,0,0,3574.678070058789,4.0,48.0,3574.15,3572.6949999999997,-2.6799999999998363,1
264,3575.16,3582.53,3575.13,3580.27,100.694375,2019-01-16 05:40:00,3575.795000000001,3.170405087825554,3582.1358101756523,3569.4541898243497,0,0,3575.424635479976,4.0,100.0,3575.145,3573.51,0.15000000000009095,1
265,3579.58,3581.31,3576.62,3578.42,67.618548,2019-01-16 05:45:00,3575.7785000000013,3.155038201431027,3582.0885764028635,3569.468423597139,0,0,3575.765910100918,4.0,96.0,3575.145,3573.9849999999997,-0.38000000000010914,1
266,3578.41,3579.9,3576.5,3577.83,69.017784,2019-01-16 05:50:00,3575.7520000000013,3.1343724293984674,3582.020744858798,3569.4832551412046,0,0,3576.0050086525744,68.0,92.0,3575.145,3574.58,-1.25,1
267,3577.83,3579.0,3576.52,3578.81,55.651257,2019-01-16 05:55:00,3575.776500000001,3.157332776730272,3582.0911655534615,3569.4618344465403,0,0,3576.3503682151804,64.0,88.0,3575.855,3575.145,4.2199999999998,1
268,3578.97,3580.15,3577.88,3579.21,56.311273,2019-01-16 06:00:00,3576.037000000001,3.217403497078847,3582.4718069941587,3569.6021930058437,0,0,3576.7979011656735,60.0,84.0,3575.855,3575.145,6.570000000000164,1
269,3578.83,3580.89,3577.81,3578.05,64.235023,2019-01-16 06:05:00,3576.048000000001,3.224225080275634,3582.4964501605523,3569.59954983945,0,0,3577.0598956125386,56.00000000000001,80.0,3577.71,3575.145,5.100000000000364,1
270,3578.57,3579.51,3575.99,3576.55,82.383202,2019-01-16 06:10:00,3575.8695000000016,3.08263809608527,3582.034776192172,3569.704223807831,0,0,3577.0663500719243,52.0,76.0,3577.71,3575.145,3.300000000000182,1
271,3576.32,3576.89,3572.7,3573.03,75.006504,2019-01-16 06:15:00,3575.581000000001,3.063887966871755,3581.7087759337446,3569.4532240662575,0,0,3576.55751683782,48.0,72.0,3576.65,3575.145,0.3900000000003274,1
272,3573.02,3573.99,3569.19,3569.5,89.890586,2019-01-16 06:20:00,3575.102000000001,3.232300142372855,3581.566600284747,3568.6373997152555,0,0,3575.614104724649,100.0,68.0,3574.885,3574.885,-0.5199999999999818,0
273,3569.63,3572.0,3567.0,3567.01,90.598394,2019-01-16 06:25:00,3574.723000000001,3.7052808686584235,3582.133561737318,3567.312438262684,0,1,3574.479903815465,100.0,64.0,3573.11,3573.6400000000003,-5.9399999999996,1
274,3567.03,3572.96,3567.0,3570.9,65.260009,2019-01-16 06:30:00,3574.636000000001,3.7765068794300882,3582.189013758861,3567.0829862411406,0,0,3573.9924457295165,96.0,60.0,3573.11,3573.6400000000003,-0.5399999999999636,1
275,3570.9,3571.5,3568.15,3568.45,52.65167,2019-01-16 06:35:00,3574.411000000001,4.0091315505144225,3582.42926310103,3566.392736898972,0,0,3573.2413421470064,92.0,56.00000000000001,3573.11,3573.6400000000003,-8.010000000000218,1
276,3569.03,3570.06,3567.0,3569.43,53.112145,2019-01-16 06:40:00,3574.2200000000003,4.155670824290193,3582.5313416485806,3565.90865835142,0,0,3572.627856151129,88.0,52.0,3573.11,3573.6400000000003,-8.850000000000364,1
277,3568.62,3569.66,3567.2,3568.28,47.728599,2019-01-16 06:45:00,3574.0020000000004,4.352610348051152,3582.707220696103,3565.296779303898,0,0,3571.889397990699,84.0,48.0,3572.53,3573.6400000000003,-6.869999999999891,1
278,3568.81,3568.81,3567.0,3567.31,40.048366,2019-01-16 06:50:00,3573.8665,4.52198404870019,3582.9104680974006,3564.8225319025996,0,0,3571.164111946894,80.0,44.0,3571.78,3573.6400000000003,-12.960000000000036,1
279,3567.31,3570.13,3565.5,3569.93,84.582483,2019-01-16 06:55:00,3573.7155,4.60387991405239,3582.9232598281046,3564.507740171895,0,0,3570.8082426231813,76.0,40.0,3570.0200000000004,3573.6400000000003,-8.490000000000236,1
280,3570.12,3571.77,3565.5,3569.71,60.482416,2019-01-16 07:00:00,3573.629,4.664733195942818,3582.9584663918854,3564.2995336081144,0,0,3570.5011380760034,72.0,36.0,3568.955,3573.6400000000003,-8.11999999999989,1
281,3569.72,3572.0,3568.69,3570.57,51.763062,2019-01-16 07:05:00,3573.3345,4.662523006842063,3582.659546013684,3564.0094539863157,0,0,3570.3681931377446,68.0,32.0,3568.955,3573.6400000000003,-8.239999999999782,1
282,3570.57,3571.71,3567.1,3568.53,44.403599,2019-01-16 07:10:00,3572.847,4.627807369855622,3582.1026147397115,3563.591385260289,0,0,3569.9379835220243,64.0,28.000000000000004,3569.105,3573.6400000000003,-10.679999999999836,1
283,3568.11,3569.61,3566.77,3568.19,47.816078,2019-01-16 07:15:00,3572.4990000000007,4.706530625224347,3581.9120612504494,3563.085938749552,0,0,3569.504621873795,60.0,24.0,3568.94,3573.6400000000003,-9.860000000000127,1
284,3568.18,3569.0,3559.44,3561.86,144.943827,2019-01-16 07:20:00,3571.5785000000005,4.902902765319258,3581.3843055306393,3561.772694469362,0,0,3568.23337776642,100.0,20.0,3566.215,3571.065,-14.690000000000055,0
285,3562.11,3563.71,3557.0,3560.8,91.318895,2019-01-16 07:25:00,3570.6975000000007,5.183868576739946,3581.0652371534807,3560.3297628465207,0,0,3566.9971181226924,100.0,16.0,3565.6850000000004,3570.535,-12.230000000000018,0
286,3560.8,3561.88,3555.59,3557.31,114.488538,2019-01-16 07:30:00,3569.6715000000004,5.702614612694138,3581.0767292253886,3558.266270774612,0,1,3565.4797258628573,100.0,12.0,3563.94,3568.79,-12.190000000000055,0
287,3558.1,3559.15,3552.25,3553.52,96.498496,2019-01-16 07:35:00,3568.4070000000006,6.338088787130257,3581.0831775742613,3555.73082242574,0,1,3563.6731882558197,100.0,8.0,3562.045,3566.895,-13.490000000000236,0
288,3554.23,3560.0,3552.96,3559.61,64.396397,2019-01-16 07:40:00,3567.4270000000006,6.090244226359534,3579.6074884527197,3555.2465115472814,0,0,3563.0210073791045,96.0,4.0,3562.045,3566.895,-11.289999999999964,0
289,3558.67,3561.62,3558.65,3561.54,57.519663,2019-01-16 07:45:00,3566.6014999999998,5.679649984570702,3577.960799969141,3555.2422000308584,0,0,3562.6533837882357,92.0,16.0,3562.045,3566.895,-6.9099999999998545,0
290,3561.11,3561.11,3558.45,3559.03,62.682606,2019-01-16 07:50:00,3565.7254999999996,5.4091418474822905,3576.543783694964,3554.907216305035,0,0,3562.0167932893764,88.0,12.0,3561.025,3566.365,-10.399999999999636,0
291,3559.03,3559.98,3553.0,3555.07,84.203014,2019-01-16 07:55:00,3564.8275000000003,5.619390185109163,3576.0662803702185,3553.588719629782,0,0,3560.8684583889544,84.0,8.0,3560.855,3566.365,-13.210000000000036,0
292,3556.04,3561.98,3553.96,3558.28,98.746521,2019-01-16 08:00:00,3564.2665,5.688013504858209,3575.6425270097166,3552.890472990284,0,0,3560.349924948795,80.0,4.0,3557.69,3566.365,-9.029999999999745,0
293,3559.4,3561.04,3557.24,3558.32,54.242758,2019-01-16 08:05:00,3563.832000000001,5.798251642101621,3575.428503284204,3552.2354967157976,0,0,3559.9209007789514,76.0,4.0,3557.5299999999997,3566.365,-11.609999999999673,0
294,3558.88,3566.37,3556.65,3561.16,77.387743,2019-01-16 08:10:00,3563.345000000001,5.578220334939697,3574.5014406698806,3552.1885593301217,0,0,3559.9047941054537,72.0,4.0,3557.5299999999997,3565.785,-8.550000000000182,0
295,3560.86,3561.79,3559.29,3561.09,74.275418,2019-01-16 08:15:00,3562.977000000001,5.465344502059107,3573.907689004119,3552.0463109958832,0,0,3559.884875408265,68.0,4.0,3557.5299999999997,3565.035,-9.480000000000018,0
296,3560.5,3563.0,3559.35,3561.86,102.074815,2019-01-16 08:20:00,3562.5985000000014,5.25292427329055,3573.1043485465825,3552.0926514534203,0,0,3559.9619417629515,64.0,12.0,3558.465,3563.275,-6.670000000000073,0
297,3561.85,3563.0,3560.01,3562.96,67.885675,2019-01-16 08:25:00,3562.332500000002,5.081996991432158,3572.496493982866,3552.1685060171376,0,0,3560.228097331745,60.0,8.0,3559.0150000000003,3562.21,-5.230000000000018,0
298,3562.96,3563.11,3561.5,3562.96,64.121102,2019-01-16 08:30:00,3562.1150000000025,4.9491057139946495,3572.013211427992,3552.2167885720132,0,0,3560.467612643253,56.00000000000001,4.0,3559.0150000000003,3562.21,1.099999999999909,0
299,3562.8,3565.09,3561.52,3563.46,66.667338,2019-01-16 08:35:00,3561.791500000003,4.611319339679848,3571.0141386793625,3552.5688613206435,0,0,3560.8728572454925,52.0,28.000000000000004,3559.2650000000003,3562.21,2.6599999999998545,0
300,3563.48,3569.12,3563.48,3567.17,63.54975,2019-01-16 08:40:00,3561.6645000000026,4.412447077348382,3570.4893941546993,3552.839605845306,0,0,3561.784199891966,48.0,24.0,3562.7250000000004,3562.045,9.860000000000127,0
301,3568.91,3579.29,3566.18,3578.08,108.486796,2019-01-16 08:45:00,3562.0400000000022,5.415692597965898,3572.871385195934,3551.2086148040703,1,0,3564.226140351447,44.0,100.0,3568.2,3565.8,24.559999999999945,0
302,3578.08,3599.0,3578.07,3584.65,431.37701,2019-01-16 08:50:00,3562.8460000000023,7.303078226256331,3577.452156452515,3548.2398435474897,1,0,3567.386083536127,40.0,100.0,3572.87,3569.085,25.039999999999964,0
303,3584.65,3599.99,3584.0,3585.0,166.994166,2019-01-16 08:55:00,3563.686500000002,8.770394742954204,3581.2272894859107,3546.1457105140935,1,0,3570.08286751748,36.0,100.0,3573.045,3569.26,23.460000000000036,1
304,3585.71,3600.0,3585.0,3599.67,348.548605,2019-01-16 09:00:00,3565.577000000002,11.87982150317228,3589.3366430063465,3541.8173569936575,1,0,3574.5247031054823,32.0,100.0,3580.7650000000003,3576.5950000000003,40.63999999999987,1
305,3599.67,3603.96,3588.78,3589.97,214.742657,2019-01-16 09:05:00,3567.035500000002,13.000257679627166,3593.036015359256,3541.0349846407476,0,0,3577.0586213992196,28.000000000000004,96.0,3581.315,3576.5950000000003,34.899999999999636,1
306,3589.97,3594.64,3587.58,3592.23,113.735947,2019-01-16 09:10:00,3568.781500000002,13.936575232473219,3596.654650464948,3540.9083495350555,0,0,3579.6795750662773,24.0,92.0,3581.315,3576.5950000000003,33.94999999999982,0
307,3592.23,3593.0,3585.01,3586.05,150.802649,2019-01-16 09:15:00,3570.4080000000017,13.959927838746655,3598.327855677495,3542.4881443225086,0,0,3581.0173269280453,20.0,88.0,3581.565,3576.5950000000003,27.730000000000018,0
308,3586.07,3587.57,3584.07,3584.07,102.174426,2019-01-16 09:20:00,3571.631000000002,14.035389443900721,3599.7017788878034,3543.560221112201,0,0,3581.9009746265037,16.0,84.0,3583.42,3576.5950000000003,22.91000000000031,0
309,3584.36,3586.21,3580.46,3582.96,111.482489,2019-01-16 09:25:00,3572.7020000000025,14.04209483546794,3600.7861896709383,3544.6178103290667,0,0,3582.4584007867456,12.0,80.0,3588.875,3576.5950000000003,21.86999999999989,0
310,3584.14,3586.17,3582.27,3585.0,110.22252,2019-01-16 09:30:00,3574.000500000003,13.911417679085005,3601.8233353581727,3546.177664641833,0,0,3583.242288642823,8.0,76.0,3591.315,3576.5950000000003,23.139999999999873,0
311,3585.0,3590.0,3584.99,3588.32,117.756361,2019-01-16 09:35:00,3575.6630000000027,13.511066458350214,3602.685132916703,3548.6408670833025,0,0,3584.392909432982,4.0,72.0,3591.315,3576.5950000000003,25.360000000000127,0
312,3588.37,3597.0,3588.01,3590.09,84.136903,2019-01-16 09:40:00,3577.2535000000025,13.22637965144136,3603.7062593028854,3550.8007406971196,0,0,3585.6340160258555,16.0,68.0,3591.315,3576.5950000000003,27.13000000000011,0
313,3590.09,3590.93,3580.0,3589.22,174.106191,2019-01-16 09:45:00,3578.798500000002,12.692277915491001,3604.1830558309844,3553.41394416902,0,0,3586.5942713703043,12.0,64.0,3587.5950000000003,3577.37,25.759999999999764,1
314,3589.22,3593.37,3586.42,3591.98,86.260987,2019-01-16 09:50:00,3580.339500000002,12.303029355229459,3604.945558710461,3555.733441289543,0,0,3587.823559404687,8.0,60.0,3587.5950000000003,3577.37,24.809999999999945,0
315,3591.62,3592.0,3580.5,3580.63,105.197031,2019-01-16 09:55:00,3581.316500000002,11.439489901668392,3604.195479803339,3558.4375201966654,0,0,3587.1868023656125,4.0,56.00000000000001,3586.3050000000003,3577.37,2.550000000000182,0
316,3580.64,3590.18,3580.55,3588.2,165.010635,2019-01-16 10:00:00,3582.633500000002,10.564374231093039,3603.7622484621884,3561.504751537816,0,0,3587.5107679251487,4.0,52.0,3586.3050000000003,3577.37,3.549999999999727,1
317,3588.2,3592.0,3586.89,3588.48,32.850433,2019-01-16 10:05:00,3583.9095000000016,9.556164984467898,3603.0218299689373,3564.797170031066,0,0,3587.7065977967145,4.0,48.0,3586.3050000000003,3578.9750000000004,3.480000000000018,1
318,3588.48,3592.0,3588.45,3591.18,35.817059,2019-01-16 10:10:00,3585.3205000000007,8.301064278617517,3601.922628557236,3568.7183714427656,0,0,3588.261268327597,8.0,44.0,3586.3050000000003,3578.995,-8.490000000000236,1
319,3592.0,3595.0,3590.99,3594.95,24.822313,2019-01-16 10:15:00,3586.8950000000004,6.784310460238312,3600.463620920477,3573.326379079524,0,0,3589.00533104784,4.0,40.0,3587.79,3580.38,4.980000000000018,1
320,3594.02,3597.62,3593.48,3594.0,92.324601,2019-01-16 10:20:00,3588.2365000000004,5.129499077816404,3598.4954981556334,3577.9775018443675,0,0,3589.7082400519007,4.0,36.0,3587.79,3580.38,1.7699999999999818,1
321,3594.0,3597.2,3592.31,3595.01,69.783639,2019-01-16 10:25:00,3589.083,4.747952578117749,3598.5789051562356,3579.5870948437646,0,0,3590.4251634127604,8.0,32.0,3587.82,3580.7650000000003,8.960000000000036,0
322,3595.03,3596.97,3587.58,3590.25,54.793055,2019-01-16 10:30:00,3589.3630000000003,4.636584609596807,3598.636169219194,3580.0898307808066,0,0,3590.4851579656115,4.0,28.000000000000004,3587.82,3581.315,6.179999999999836,0
323,3590.25,3592.87,3588.26,3590.0,62.921171,2019-01-16 10:35:00,3589.6130000000003,4.522344641054687,3598.6576892821095,3580.568310717891,0,0,3590.540134071843,4.0,24.0,3587.82,3581.315,7.039999999999964,0
324,3590.11,3591.46,3588.15,3588.33,29.91053,2019-01-16 10:40:00,3589.0460000000007,3.857006474873047,3596.760012949747,3581.3319870502546,0,0,3590.3685695008694,4.0,20.0,3591.605,3581.565,3.3299999999999272,0
325,3589.69,3590.0,3588.15,3589.0,18.960493,2019-01-16 10:45:00,3588.9975000000004,3.85086986070093,3596.699239721402,3581.2957602785987,0,0,3590.275488769875,4.0,16.0,3591.67,3583.42,0.6799999999998363,0
326,3589.0,3590.0,3588.0,3588.26,51.993722,2019-01-16 10:50:00,3588.7990000000004,3.7770886867020703,3596.3531773734044,3581.2448226265965,0,0,3590.0223828167923,56.00000000000001,12.0,3591.635,3588.875,-1.8299999999999272,0
327,3588.26,3589.74,3585.32,3585.46,73.057839,2019-01-16 10:55:00,3588.769500000001,3.801911534430265,3596.3733230688613,3581.1656769311403,0,0,3589.3618110111606,52.0,8.0,3590.235,3590.15,-3.7599999999997635,0
328,3587.06,3589.0,3585.52,3586.99,46.266329,2019-01-16 11:00:00,3588.9155000000005,3.6655659073186717,3596.246631814638,3581.584368185363,0,0,3589.0218549552023,48.0,4.0,3590.235,3590.15,-4.9900000000002365,0
329,3586.89,3587.97,3583.08,3585.83,70.546808,2019-01-16 11:05:00,3589.059,3.4711713478535904,3596.0013426957075,3582.116657304293,0,0,3588.502962758756,44.0,68.0,3590.235,3590.15,5.199999999999818,0
330,3587.43,3593.48,3586.0,3591.49,53.436804,2019-01-16 11:10:00,3589.383500000001,3.37373644960926,3596.130972899219,3582.6360271007825,0,0,3589.0880865036224,40.0,64.0,3588.475,3587.82,3.2899999999999636,0
331,3591.48,3593.4,3589.99,3592.61,27.450653,2019-01-16 11:15:00,3589.5980000000004,3.438320581460538,3596.4746411629217,3582.721358837079,0,0,3589.6143101690886,36.0,60.0,3589.035,3587.82,4.130000000000109,0
332,3592.61,3593.85,3590.8,3592.66,33.151222,2019-01-16 11:20:00,3589.7265000000007,3.505052405922509,3596.7366048118456,3582.7163951881557,0,0,3590.076521425116,32.0,56.00000000000001,3589.06,3587.82,1.4800000000000182,0
333,3592.66,3592.74,3590.0,3590.99,25.246726,2019-01-16 11:25:00,3589.815000000001,3.513924931027192,3596.8428498620556,3582.7871501379464,0,0,3590.1870017002875,28.000000000000004,52.0,3589.06,3587.82,-3.9600000000000364,0
334,3590.01,3592.4,3589.19,3591.8,33.476301,2019-01-16 11:30:00,3589.8060000000014,3.5083140350121065,3596.8226280700255,3582.7893719299773,0,0,3590.3272090031674,24.0,48.0,3589.06,3587.82,-2.199999999999818,0
335,3591.8,3592.74,3590.02,3591.59,55.983025,2019-01-16 11:35:00,3590.3540000000007,2.779953426313487,3595.913906852628,3584.7940931473736,0,0,3590.43806862766,20.0,44.0,3589.06,3587.82,-3.4200000000000728,0
336,3590.9,3592.6,3589.41,3590.0,31.582794,2019-01-16 11:40:00,3590.444000000001,2.735327171780827,3595.9146543435627,3584.973345656439,0,0,3590.285627002291,16.0,40.0,3589.245,3587.82,-0.25,0
337,3590.0,3590.89,3588.01,3588.01,45.600716,2019-01-16 11:45:00,3590.420500000001,2.755036488410269,3595.9305729768216,3584.9104270231805,0,0,3589.9574989713,12.0,36.0,3589.245,3587.82,-1.9899999999997817,0
338,3588.03,3589.0,3583.5,3587.02,53.555835,2019-01-16 11:50:00,3590.2125000000015,2.850074560400318,3595.912649120802,3584.5123508792008,0,0,3589.532208709709,8.0,32.0,3589.84,3587.82,-1.3099999999999454,0
339,3586.65,3589.81,3585.86,3589.02,34.541632,2019-01-16 11:55:00,3589.916000000002,2.6313442631895776,3595.178688526381,3584.653311473623,0,0,3589.4816359747615,4.0,28.000000000000004,3589.84,3587.82,0.01999999999998181,0
340,3589.08,3592.74,3589.0,3592.53,52.234879,2019-01-16 12:00:00,3589.8425000000016,2.529836431128133,3594.902172862258,3584.7828271377452,0,0,3589.9315080558795,48.0,24.0,3589.84,3587.82,4.269999999999982,1
341,3592.53,3645.0,3592.53,3625.16,677.96474,2019-01-16 12:05:00,3591.350000000002,8.261429084979884,3607.872858169962,3574.8271418300424,1,0,3595.0545315111735,44.0,100.0,3606.09,3605.31,39.69999999999982,1
342,3624.26,3629.99,3613.0,3619.0,201.059798,2019-01-16 12:10:00,3592.787500000002,10.3077828924423,3613.4030657848866,3572.1719342151177,1,0,3598.701665051,40.0,96.0,3606.09,3605.31,32.01000000000022,0
343,3619.0,3622.87,3611.04,3615.09,151.551125,2019-01-16 12:15:00,3594.042000000002,11.417699371904897,3616.877398743812,3571.2066012561922,0,0,3601.298089877349,36.0,92.0,3606.09,3605.31,29.26000000000022,0
344,3615.05,3617.74,3612.84,3615.53,75.337839,2019-01-16 12:20:00,3595.402000000002,12.288266804250918,3619.9785336085038,3570.8254663915,0,0,3603.656157783051,32.0,88.0,3606.09,3605.31,24.04000000000042,1
345,3615.49,3617.8,3609.02,3613.83,123.967928,2019-01-16 12:25:00,3596.643500000002,12.848935354209777,3622.3413707084214,3570.9456292915825,0,0,3605.3634647603694,28.000000000000004,84.0,3606.09,3605.31,21.2199999999998,1
346,3613.83,3616.0,3608.0,3612.0,137.369802,2019-01-16 12:30:00,3597.8305000000023,13.127246263916145,3624.0849925278344,3571.57600747217,0,0,3606.571090403767,24.0,80.0,3606.09,3605.31,19.340000000000146,1
347,3611.66,3613.83,3608.76,3611.28,81.489766,2019-01-16 12:35:00,3599.121500000002,13.116268433948347,3625.3540368678987,3572.8889631321053,0,0,3607.522749678842,20.0,76.0,3607.09,3605.31,20.29000000000042,1
348,3611.28,3612.82,3605.0,3612.4,163.471107,2019-01-16 12:40:00,3600.392000000001,13.1099707334298,3626.6119414668606,3574.172058533142,0,0,3608.5498498880224,16.0,72.0,3608.8450000000003,3605.31,20.59999999999991,1
349,3611.04,3614.99,3606.01,3609.41,148.08272,2019-01-16 12:45:00,3601.5710000000013,12.787796361737776,3627.1465927234767,3575.995407276526,0,0,3609.0007216372696,12.0,68.0,3617.285,3605.31,17.81999999999971,1
350,3609.01,3612.52,3607.0,3611.22,119.227386,2019-01-16 12:50:00,3602.5575000000013,12.73007209430136,3628.0176441886038,3577.0973558113988,0,0,3609.6608695984523,8.0,64.0,3614.205,3605.31,21.2199999999998,1
351,3610.82,3612.21,3608.93,3611.94,147.508063,2019-01-16 12:55:00,3603.5240000000013,12.668726683817258,3628.861453367636,3578.1865466323666,0,0,3610.373538553183,4.0,60.0,3612.4700000000003,3605.31,23.929999999999836,1
352,3611.11,3614.47,3610.0,3613.01,101.037739,2019-01-16 13:00:00,3604.5415000000007,12.56705730114696,3629.6756146022944,3579.407385397707,0,0,3611.190536587883,8.0,56.00000000000001,3612.4700000000003,3605.31,25.990000000000236,1
353,3613.01,3617.98,3613.0,3616.08,130.977865,2019-01-16 13:05:00,3605.7960000000007,12.394196604599383,3630.5843932091993,3581.007606790802,0,0,3612.3683201817103,4.0,52.0,3612.745,3605.495,27.059999999999945,1
354,3616.52,3619.4,3614.14,3616.51,217.168223,2019-01-16 13:10:00,3607.0315,12.154874818025807,3631.3412496360515,3582.7217503639486,0,0,3613.4220195720873,36.0,48.0,3612.96,3605.495,23.980000000000018,1
355,3616.0,3617.59,3606.04,3607.37,137.564251,2019-01-16 13:15:00,3607.8205000000003,11.599235217519656,3631.0189704350396,3584.622029564961,0,0,3612.9548617196197,32.0,44.0,3611.94,3606.09,-17.789999999999964,1
356,3607.41,3612.0,3605.0,3605.98,145.989171,2019-01-16 13:20:00,3608.6195,10.83209678636782,3630.2836935727355,3586.955306427264,0,0,3611.7090397651955,28.000000000000004,40.0,3611.245,3606.09,-13.019999999999982,1
357,3605.02,3606.04,3602.0,3603.41,122.714099,2019-01-16 13:25:00,3609.3895,9.786891057874913,3628.96328211575,3589.8157178842503,0,0,3610.3676919898858,24.0,36.0,3609.96,3606.09,-11.680000000000291,1
358,3602.45,3606.06,3599.97,3606.04,113.221539,2019-01-16 13:30:00,3610.3405,8.31174848599844,3626.9639969719965,3593.717003028003,0,0,3609.6502770830575,20.0,32.0,3609.96,3606.09,-9.490000000000236,1
359,3605.78,3610.83,3605.52,3608.32,134.12541,2019-01-16 13:35:00,3611.3055,6.662986113382345,3624.631472226765,3597.979527773235,0,0,3609.3434146496256,16.0,28.000000000000004,3609.96,3606.09,-5.5099999999997635,1
360,3606.55,3608.31,3604.73,3604.73,117.326331,2019-01-16 13:40:00,3611.9155,5.265518892785612,3622.4465377855713,3601.384462214429,0,0,3608.5893095296233,12.0,24.0,3609.96,3606.09,-7.269999999999982,1
361,3605.86,3606.98,3603.83,3605.85,135.89281,2019-01-16 13:45:00,3610.95,4.410023272378224,3619.770046544756,3602.1299534552436,0,0,3608.1269855113733,8.0,20.0,3609.96,3606.09,-5.430000000000291,0
362,3606.49,3606.49,3574.93,3590.0,592.808449,2019-01-16 13:50:00,3609.5,6.076563259968408,3621.653126519937,3597.346873480063,0,1,3605.4462030932564,4.0,16.0,3603.255,3606.09,-22.40000000000009,0
363,3589.23,3595.15,3588.0,3592.1,160.284415,2019-01-16 13:55:00,3608.3505000000005,7.058599439860897,3622.4676988797223,3594.2333011202786,0,1,3603.3821261392745,4.0,12.0,3599.16,3606.09,-17.309999999999945,0
364,3592.11,3593.38,3589.27,3591.04,122.451882,2019-01-16 14:00:00,3607.126,7.829676608216385,3622.785353216433,3591.4666467835673,0,1,3601.4811891998575,92.0,8.0,3599.16,3607.09,-20.179999999999836,0
365,3591.56,3591.82,3587.11,3589.96,190.607134,2019-01-16 14:05:00,3605.9325000000003,8.540960056339957,3623.0144201126805,3588.8505798873202,0,0,3599.6265212729636,100.0,4.0,3599.1400000000003,3607.56,-21.980000000000018,0
366,3589.92,3609.14,3588.98,3599.51,164.202392,2019-01-16 14:10:00,3605.308,8.53058250616711,3622.369165012334,3588.246834987666,0,0,3599.3696007699095,96.0,4.0,3599.1400000000003,3607.56,-13.5,0
367,3599.01,3599.99,3595.27,3596.77,80.393494,2019-01-16 14:15:00,3604.5825000000004,8.612572129393309,3621.807644258787,3587.3573557412137,0,0,3598.728009419811,92.0,48.0,3599.1400000000003,3604.48,-19.309999999999945,1
368,3596.75,3603.93,3595.28,3602.12,154.219411,2019-01-16 14:20:00,3604.0685000000003,8.426206785337547,3620.9209135706756,3587.216086429325,0,0,3598.8798215487473,88.0,44.0,3597.9049999999997,3603.235,-14.390000000000327,1
369,3603.21,3605.27,3600.02,3602.0,92.80645,2019-01-16 14:25:00,3603.6980000000003,8.341462449071559,3620.3809248981433,3587.0150751018573,0,0,3598.9869334737796,84.0,40.0,3597.9049999999997,3603.235,-5.369999999999891,1
370,3601.96,3603.23,3594.15,3598.12,104.914794,2019-01-16 14:30:00,3603.043,8.233350088755573,3619.509700177511,3586.576299822489,0,0,3598.698213858634,80.0,36.0,3596.04,3603.235,-7.860000000000127,1
371,3597.91,3599.99,3594.16,3596.17,63.76156,2019-01-16 14:35:00,3602.2545,8.090344781529092,3618.435189563058,3586.073810436942,0,0,3598.1909155314543,76.0,32.0,3596.04,3603.235,-7.239999999999782,1
372,3596.17,3600.0,3594.87,3597.63,69.861311,2019-01-16 14:40:00,3601.4855000000002,7.7374614870101865,3616.9604229740207,3586.0105770259797,0,0,3598.008104880213,72.0,28.000000000000004,3596.04,3603.235,-8.409999999999854,1
373,3598.09,3598.68,3595.0,3596.67,74.617204,2019-01-16 14:45:00,3600.5150000000003,6.991912997759307,3614.498825995519,3586.5311740044817,0,0,3597.6581491255643,68.0,24.0,3596.04,3603.235,-11.650000000000091,1
374,3596.47,3598.92,3592.3,3596.04,98.286739,2019-01-16 14:50:00,3599.4915,5.947510115902843,3611.3865202318057,3587.5964797681945,0,0,3597.216449783059,64.0,20.0,3599.08,3603.235,-8.690000000000055,1
375,3596.99,3598.98,3595.96,3598.21,55.153723,2019-01-16 14:55:00,3599.0335000000005,5.654345580806891,3610.342191161614,3587.7248088383867,0,0,3597.2135191158923,60.0,16.0,3599.08,3603.235,-7.639999999999873,1
376,3598.23,3612.24,3597.72,3601.06,226.197723,2019-01-16 15:00:00,3598.787500000001,5.439153257421429,3609.6658065148436,3587.909193485158,0,0,3597.6009356546083,56.00000000000001,12.0,3599.08,3603.235,11.059999999999945,1
377,3601.05,3601.05,3594.32,3600.05,152.211666,2019-01-16 15:05:00,3598.6195000000007,5.339846710773766,3609.2991934215484,3587.939806578453,0,0,3598.1030197200303,52.0,8.0,3599.02,3603.235,7.950000000000273,1
378,3599.79,3600.96,3596.37,3597.33,96.446539,2019-01-16 15:10:00,3598.184000000001,5.050122874986155,3608.2842457499733,3588.083754250029,0,0,3598.1083647770515,48.0,4.0,3598.55,3603.235,6.289999999999964,1
379,3597.0,3598.99,3594.63,3596.0,70.722084,2019-01-16 15:15:00,3597.5680000000007,4.466326171868134,3606.500652343737,3588.6353476562645,0,0,3597.9415273461223,44.0,20.0,3598.5299999999997,3603.235,6.039999999999964,1
380,3596.36,3598.0,3591.14,3594.71,181.180824,2019-01-16 15:20:00,3597.0670000000014,4.173016200586637,3605.413032401175,3588.720967598828,0,0,3597.630200095088,40.0,16.0,3597.885,3599.1400000000003,-4.800000000000182,1
381,3596.08,3597.19,3593.0,3594.15,81.39305,2019-01-16 15:25:00,3596.482000000001,3.666279628673168,3603.8145592573474,3589.1494407426544,0,0,3597.090667871338,36.0,12.0,3597.605,3599.1400000000003,-2.619999999999891,1
382,3594.61,3595.84,3586.5,3590.97,99.787081,2019-01-16 15:30:00,3596.5305000000008,3.5814529174392726,3603.6934058348793,3589.3675941651222,0,0,3596.212498225327,32.0,8.0,3596.015,3599.1400000000003,-11.150000000000091,1
383,3591.86,3595.07,3590.25,3591.83,62.619153,2019-01-16 15:35:00,3596.5170000000007,3.599495724892383,3603.7159914497856,3589.318008550216,0,0,3595.4640554975185,28.000000000000004,4.0,3596.015,3599.1400000000003,-10.170000000000073,1
384,3591.83,3592.0,3587.17,3587.17,82.865133,2019-01-16 15:40:00,3596.323500000001,3.9920384912503626,3604.307576982502,3588.3394230175,0,1,3594.1381489424266,100.0,8.0,3594.115,3597.745,-10.949999999999818,1
385,3587.17,3590.44,3583.0,3584.93,103.633623,2019-01-16 15:45:00,3596.072,4.5354957948497,3605.1429915896997,3587.0010084103005,0,1,3592.7299567939326,100.0,4.0,3592.49,3595.39,-11.240000000000236,1
386,3584.91,3591.21,3581.6,3585.48,156.399606,2019-01-16 15:50:00,3595.3705,5.033426660557144,3605.437353321114,3585.303646678886,0,0,3591.615282699386,96.0,28.000000000000004,3591.13,3595.39,-12.150000000000091,1
387,3585.69,3591.24,3579.0,3590.22,254.868838,2019-01-16 15:55:00,3595.043,5.149329133601469,3605.341658267203,3584.7443417327972,0,0,3591.2963950410817,92.0,24.0,3590.465,3593.5249999999996,-6.450000000000273,1
388,3591.16,3594.51,3586.0,3590.99,121.361438,2019-01-16 16:00:00,3594.4865000000004,4.941474609429116,3604.369449218859,3584.603550781142,0,0,3591.147349212553,88.0,20.0,3589.8199999999997,3593.5249999999996,-5.050000000000182,1
389,3590.98,3592.2,3583.62,3585.5,199.360286,2019-01-16 16:05:00,3593.6615000000006,4.998090451136448,3603.6576809022736,3583.6653190977277,0,0,3590.235925707801,84.0,16.0,3589.54,3593.5249999999996,-12.710000000000036,1
390,3585.5,3587.6,3583.0,3583.61,74.744032,2019-01-16 16:10:00,3592.9360000000006,5.357064592898128,3603.6501291857967,3582.2218708142045,0,0,3589.123019827678,100.0,12.0,3587.7200000000003,3592.865,-17.449999999999818,0
391,3583.61,3584.67,3567.0,3569.13,265.761712,2019-01-16 16:15:00,3591.584000000001,7.486737326054031,3606.5574746521092,3576.610525347893,0,1,3586.001333529285,100.0,8.0,3580.48,3585.625,-30.920000000000073,0
392,3567.11,3583.0,3560.2,3577.15,324.456679,2019-01-16 16:20:00,3590.5600000000004,7.999303259124545,3606.5586065182497,3574.561393481751,0,0,3584.4484214739996,96.0,4.0,3580.06,3585.625,-20.179999999999836,0
393,3577.15,3590.0,3571.3,3584.46,138.005862,2019-01-16 16:25:00,3589.949500000001,7.97434008158088,3605.898180163163,3574.000819836839,0,0,3584.198934495589,92.0,4.0,3580.06,3585.625,-11.539999999999964,0
394,3584.36,3584.6,3579.64,3581.54,86.853665,2019-01-16 16:30:00,3589.224500000001,8.05025300353489,3605.325006007071,3573.1239939929314,0,0,3583.584632182974,88.0,28.000000000000004,3580.06,3585.565,-13.170000000000073,0
395,3581.52,3581.64,3572.0,3577.06,125.274784,2019-01-16 16:35:00,3588.1670000000004,8.1956169929184,3604.558233985837,3571.7757660141638,0,0,3582.4249202702854,84.0,24.0,3580.06,3585.0950000000003,-17.090000000000146,0
396,3577.08,3583.01,3574.61,3581.81,124.699344,2019-01-16 16:40:00,3587.2045000000007,7.718223462749342,3602.6409469254995,3571.768053074502,0,0,3582.107454677841,80.0,20.0,3580.06,3585.0950000000003,-9.159999999999854,0
397,3581.81,3582.5,3577.11,3579.13,82.706141,2019-01-16 16:45:00,3586.1585000000005,7.291512206877575,3600.7415244137555,3571.5754755862454,0,0,3581.504421091529,76.0,16.0,3577.315,3585.0950000000003,-12.699999999999818,0
398,3579.15,3585.47,3578.0,3584.96,93.251328,2019-01-16 16:50:00,3585.540000000001,6.802244211705467,3599.144488423412,3571.9355115765898,0,0,3581.8024198458497,72.0,12.0,3577.045,3585.0950000000003,-2.2100000000000364,0
399,3584.98,3584.98,3581.57,3581.57,90.338736,2019-01-16 16:55:00,3584.818500000001,6.386985348503572,3597.592470697008,3572.0445293029943,0,0,3581.6641807258566,68.0,8.0,3577.045,3585.0950000000003,-3.3599999999996726,0
400,3582.01,3586.67,3581.59,3583.0,80.002772,2019-01-16 17:00:00,3584.233000000001,5.954595836733555,3596.142191673468,3572.323808326534,0,0,3581.793527739809,64.0,4.0,3581.01,3585.0950000000003,-2.480000000000018,0
401,3583.0,3588.19,3583.0,3586.38,78.543341,2019-01-16 17:05:00,3583.8445000000015,5.510425979321695,3594.865351958645,3572.823648041358,0,0,3582.3843846250707,60.0,4.0,3581.7200000000003,3585.0950000000003,-3.8399999999996908,0
402,3586.34,3588.05,3583.01,3585.57,94.716597,2019-01-16 17:10:00,3583.5745000000015,5.269963022930843,3594.114426045863,3573.03457395414,0,0,3582.691922641121,56.00000000000001,4.0,3581.7200000000003,3584.59,-5.419999999999618,0
403,3585.57,3588.44,3583.88,3586.66,66.112761,2019-01-16 17:15:00,3583.3160000000016,4.9614741018229696,3593.2389482036474,3573.393051796356,0,0,3583.1035076416943,52.0,4.0,3581.8599999999997,3583.23,1.1599999999998545,0
404,3586.35,3586.92,3583.05,3586.32,64.450457,2019-01-16 17:20:00,3583.273500000002,4.930265579470632,3593.1340311589433,3573.412968841061,0,0,3583.5215572300895,48.0,4.0,3582.895,3582.565,2.7100000000000364,0
405,3585.05,3588.0,3584.49,3587.13,90.941661,2019-01-16 17:25:00,3583.3835000000026,4.993308443349783,3593.3701168867024,3573.396883113303,0,0,3584.0412441781496,44.0,4.0,3583.13,3581.92,18.0,0
406,3587.4,3591.85,3586.87,3589.44,145.963473,2019-01-16 17:30:00,3583.581500000003,5.15665770476491,3593.894815409533,3573.268184590473,0,0,3585.1120851993483,40.0,8.0,3585.505,3581.6400000000003,12.289999999999964,0
407,3589.44,3589.95,3587.0,3588.67,86.521943,2019-01-16 17:35:00,3583.504000000003,5.062422345073695,3593.6288446901503,3573.379155309856,0,0,3585.7814370644815,36.0,4.0,3585.505,3580.48,4.210000000000036,0
408,3588.93,3589.53,3587.12,3588.41,62.392574,2019-01-16 17:40:00,3583.3750000000027,4.891615275131743,3593.158230550266,3573.5917694497393,0,0,3586.187023007329,32.0,20.0,3586.2200000000003,3580.48,6.869999999999891,0
409,3588.73,3591.89,3588.43,3590.47,58.531932,2019-01-16 17:45:00,3583.623500000003,5.125880951233288,3593.8752619024694,3573.3717380975363,0,0,3586.8965088258083,28.000000000000004,16.0,3588.02,3580.06,13.409999999999854,1
410,3590.49,3592.0,3589.21,3590.48,72.069525,2019-01-16 17:50:00,3583.967000000003,5.350209144943309,3594.6674182898896,3573.266581710116,0,0,3587.606103204527,24.0,12.0,3588.025,3580.06,8.670000000000073,1
411,3590.48,3591.35,3588.44,3590.5,105.134033,2019-01-16 17:55:00,3585.0355000000027,4.252427758586416,3593.5403555171756,3576.5306444828298,0,0,3588.137274570959,20.0,8.0,3588.41,3580.06,11.36999999999989,1
412,3590.51,3600.0,3589.9,3596.53,182.903277,2019-01-16 18:00:00,3586.0045000000027,4.5580633872284775,3595.1206267744597,3576.888373225546,1,0,3589.525623735867,16.0,100.0,3591.425,3582.83,11.570000000000164,1
413,3596.53,3610.0,3595.54,3600.73,220.673005,2019-01-16 18:05:00,3586.818000000002,5.600573842768595,3598.0191476855393,3575.6168523144647,1,0,3591.2336481440907,12.0,100.0,3593.9300000000003,3584.9300000000003,19.159999999999854,1
414,3600.73,3602.34,3596.02,3597.04,146.290704,2019-01-16 18:10:00,3587.593000000002,5.896393277596697,3599.3857865551954,3575.800213444809,0,0,3592.26107021704,8.0,96.0,3594.5699999999997,3584.9300000000003,14.039999999999964,1
415,3597.04,3599.2,3595.5,3597.31,58.616201,2019-01-16 18:15:00,3588.6055000000024,5.72875707561853,3600.0630141512393,3577.1479858487655,0,0,3593.1711972984526,4.0,92.0,3594.5699999999997,3584.9300000000003,10.929999999999836,1
416,3597.76,3602.13,3595.0,3595.02,90.990465,2019-01-16 18:20:00,3589.2660000000024,5.665204414008235,3600.596408828019,3577.935591171986,0,0,3593.5707570224345,16.0,88.0,3594.5699999999997,3584.9300000000003,9.449999999999818,1
417,3595.94,3596.38,3592.31,3594.29,94.805002,2019-01-16 18:25:00,3590.024000000002,5.235541896234894,3600.495083792472,3579.5529162075322,0,0,3593.830681590053,12.0,84.0,3595.6,3588.895,7.630000000000109,1
418,3594.55,3596.83,3592.62,3595.13,67.940851,2019-01-16 18:30:00,3590.532500000002,5.21164069023088,3600.955781380464,3580.10921861954,0,0,3594.1582411831805,8.0,80.0,3595.605,3588.895,8.809999999999945,1
419,3595.15,3597.34,3594.36,3596.85,59.863504,2019-01-16 18:35:00,3591.2965000000017,4.941623720990432,3601.1797474419827,3581.4132525580208,0,0,3594.700020912324,4.0,76.0,3595.615,3588.895,9.7199999999998,1
420,3595.99,3598.0,3588.0,3588.08,181.306698,2019-01-16 18:40:00,3591.550500000002,4.612322710883089,3600.7751454217682,3582.325854578236,0,0,3593.8910410317294,8.0,72.0,3594.4049999999997,3588.895,-1.3600000000001273,1
421,3588.04,3588.66,3576.81,3582.71,182.1801,2019-01-16 18:45:00,3591.367000000002,4.893302727075311,3601.1536054541525,3581.5803945458515,0,0,3592.3621919595066,4.0,68.0,3591.7200000000003,3589.9300000000003,-5.960000000000036,1
422,3582.85,3587.16,3582.85,3584.75,112.803644,2019-01-16 18:50:00,3591.326000000002,4.947565483182811,3601.2211309663676,3581.430869033636,0,0,3591.3342373170854,8.0,64.0,3590.01,3589.9300000000003,-3.6599999999998545,1
423,3584.74,3589.99,3584.57,3588.75,81.421363,2019-01-16 18:55:00,3591.4305000000013,4.865212144437415,3601.1609242888762,3581.7000757111264,0,0,3591.017836841262,4.0,60.0,3590.01,3591.15,-1.7199999999998,1
424,3588.46,3592.16,3581.55,3584.36,119.669085,2019-01-16 19:00:00,3591.3325000000013,4.991667662463824,3601.315835324929,3581.3491646750736,0,0,3590.0664768136244,88.0,56.00000000000001,3589.7799999999997,3591.15,-6.119999999999891,1
425,3583.93,3585.0,3581.55,3582.4,76.631343,2019-01-16 19:05:00,3591.0960000000005,5.303564243418489,3601.7031284868376,3580.4888715131633,0,0,3588.950626489558,100.0,52.0,3589.625,3591.565,-8.099999999999909,1
426,3582.4,3585.0,3573.0,3577.62,99.975458,2019-01-16 19:10:00,3590.505,6.097034222935625,3602.6990684458715,3578.3109315541287,0,1,3587.2831689080613,100.0,48.0,3587.2349999999997,3589.175,-18.91000000000031,1
427,3576.74,3582.04,3575.91,3581.5,78.798138,2019-01-16 19:15:00,3590.1465000000003,6.413206173273486,3602.972912346547,3577.3200876534534,0,0,3586.26722365382,96.0,44.0,3587.2349999999997,3589.175,-19.230000000000018,0
428,3581.7,3582.01,3561.53,3562.0,140.997148,2019-01-16 19:20:00,3588.826,8.990611126109338,3606.8072222522187,3570.8447777477813,0,1,3582.4786781009116,100.0,40.0,3575.375,3581.365,-35.039999999999964,0
429,3561.54,3576.64,3561.54,3567.0,174.581341,2019-01-16 19:25:00,3587.6525,10.213304468083242,3608.0791089361664,3567.225891063834,0,1,3579.958135009114,96.0,36.0,3575.375,3581.365,-30.309999999999945,0
430,3567.0,3572.0,3564.18,3572.0,86.721481,2019-01-16 19:30:00,3586.7285,10.76507671030852,3608.258653420617,3565.1983465793833,0,0,3578.46988351874,92.0,32.0,3575.375,3581.365,-23.019999999999982,0
431,3571.75,3575.83,3566.21,3567.98,78.174632,2019-01-16 19:35:00,3585.6025,11.502345698979617,3608.607191397959,3562.597808602041,0,0,3576.6314325921744,88.0,28.000000000000004,3575.375,3581.365,-26.309999999999945,1
432,3568.0,3577.76,3568.0,3575.39,54.011897,2019-01-16 19:40:00,3584.5455,11.41632048520647,3607.378140970413,3561.7128590295874,0,0,3576.1077486106437,84.0,24.0,3573.1800000000003,3581.365,-19.740000000000236,1
433,3575.28,3580.7,3573.13,3579.03,126.234587,2019-01-16 19:45:00,3583.4605,10.812403440391632,3605.0853068807833,3561.835693119217,0,0,3576.1591184464355,80.0,20.0,3572.2,3581.365,-17.81999999999971,1
434,3579.05,3583.43,3571.01,3572.61,117.724797,2019-01-16 19:50:00,3582.2390000000005,10.57490221430015,3603.388804428601,3561.0891955714,0,0,3575.24285647354,76.0,16.0,3571.75,3581.365,-15.4699999999998,1
435,3572.74,3583.12,3572.22,3576.4,110.61247,2019-01-16 19:55:00,3581.1935000000003,10.025861440868363,3601.245222881737,3561.1417771182637,0,0,3575.1597672810303,72.0,12.0,3571.75,3581.365,-6.309999999999945,0
436,3576.6,3577.45,3570.0,3571.98,88.81632,2019-01-16 20:00:00,3580.0415000000003,9.670939798120308,3599.383379596241,3560.6996204037596,0,0,3574.55308697103,68.0,8.0,3570.5150000000003,3581.365,-12.769999999999982,0
437,3571.98,3577.45,3570.56,3574.25,65.191188,2019-01-16 20:05:00,3579.0395000000003,9.140586457629432,3597.3206729152594,3560.7583270847413,0,0,3574.3104761510353,64.0,4.0,3573.0150000000003,3581.365,-14.5,0
438,3574.64,3580.92,3574.25,3580.03,60.187382,2019-01-16 20:10:00,3578.2845,8.329189304705094,3594.9428786094104,3561.62612139059,0,0,3574.8553974367333,60.0,8.0,3574.005,3581.365,-4.329999999999927,0
439,3579.28,3582.81,3576.11,3580.19,72.267978,2019-01-16 20:15:00,3577.4515,7.120052686819949,3591.69160537364,3563.2113946263603,0,0,3575.4409177061198,56.00000000000001,4.0,3574.085,3579.6549999999997,-2.2100000000000364,0
440,3580.01,3580.86,3571.8,3573.72,52.674307,2019-01-16 20:20:00,3576.7335,6.703716388764549,3590.140932777529,3563.3260672224706,0,0,3575.0565637019986,52.0,16.0,3576.085,3579.6549999999997,-3.900000000000091,0
441,3573.05,3573.68,3566.45,3573.0,74.258762,2019-01-16 20:25:00,3576.2479999999996,6.598894325243437,3589.4457886504865,3563.0502113495127,0,0,3574.709414261858,48.0,12.0,3576.085,3579.425,-8.5,0
442,3572.85,3573.0,3561.81,3566.27,197.595401,2019-01-16 20:30:00,3575.3239999999996,6.6394501991741475,3588.602900398348,3562.045099601651,0,0,3573.357538815561,44.0,8.0,3573.23,3579.425,4.269999999999982,0
443,3566.99,3571.92,3565.44,3571.71,51.469566,2019-01-16 20:35:00,3574.472,5.875234015491748,3586.2224680309837,3562.7215319690167,0,0,3573.3409182970513,40.0,4.0,3573.23,3579.425,4.710000000000036,0
444,3571.76,3574.59,3570.45,3572.49,50.782259,2019-01-16 20:40:00,3573.8785000000003,5.404481838929656,3584.68746367786,3563.0695363221407,0,0,3573.3415954116244,36.0,16.0,3573.23,3579.425,0.4899999999997817,0
445,3572.1,3576.85,3572.08,3575.01,47.633808,2019-01-16 20:45:00,3573.5090000000005,5.0309242637235165,3583.5708485274477,3563.4471514725533,0,0,3573.608833803775,32.0,12.0,3573.23,3575.375,7.0300000000002,0
446,3574.24,3579.49,3574.24,3578.72,63.954573,2019-01-16 20:50:00,3573.5640000000008,5.083965919795046,3583.7319318395907,3563.396068160411,0,0,3574.4571339543154,28.000000000000004,8.0,3573.23,3575.375,3.3299999999999272,0
447,3578.24,3579.06,3572.08,3577.91,72.767106,2019-01-16 20:55:00,3573.384500000001,4.846869282543086,3583.0782385650873,3563.6907614349147,0,0,3574.937876197693,24.0,4.0,3573.23,3575.375,-1.1200000000003456,0
448,3577.91,3582.8,3575.31,3582.76,76.10924,2019-01-16 21:00:00,3574.4225000000006,4.490311060606176,3583.403122121213,3565.441877878788,0,0,3575.988367773776,20.0,4.0,3574.5150000000003,3575.375,10.150000000000091,0
449,3582.2,3585.74,3581.84,3583.39,50.739776,2019-01-16 21:05:00,3575.2420000000006,4.5594662660803955,3584.3609325321613,3566.12306746784,0,0,3577.1237560826335,16.0,100.0,3574.83,3573.1800000000003,6.989999999999782,1
450,3583.06,3586.0,3583.06,3585.33,34.622098,2019-01-16 21:10:00,3575.9085000000005,5.012398601147464,3585.9332972022953,3565.8837027977056,0,0,3578.3236502666987,12.0,100.0,3575.8,3573.665,13.349999999999909,1
451,3585.33,3591.0,3585.0,3587.36,117.958292,2019-01-16 21:15:00,3576.877500000001,5.265854131741589,3587.4092082634843,3566.3457917365176,0,0,3579.75306728905,8.0,100.0,3579.535,3574.6800000000003,13.110000000000127,1
452,3588.42,3609.0,3583.26,3585.15,451.321863,2019-01-16 21:20:00,3577.365500000001,5.564520573280511,3588.494541146562,3566.2364588534397,0,0,3580.6402078721953,4.0,96.0,3579.925,3574.6800000000003,5.119999999999891,0
453,3584.32,3588.01,3577.8,3580.57,131.320562,2019-01-16 21:25:00,3577.442500000001,5.599311870309434,3588.64112374062,3566.243876259382,0,0,3580.641960599814,56.00000000000001,92.0,3581.1850000000004,3574.6800000000003,0.38000000000010914,0
454,3580.96,3585.53,3578.51,3581.28,53.695523,2019-01-16 21:30:00,3577.876000000001,5.540798346422966,3588.957596692847,3566.7944033071553,0,0,3580.7429679242646,52.0,88.0,3582.635,3576.815,7.5600000000004,1
455,3581.28,3584.8,3577.94,3584.8,62.096544,2019-01-16 21:35:00,3578.296000000001,5.737887379417568,3589.7717747588363,3566.820225241166,0,0,3581.4661304985566,48.0,84.0,3582.635,3576.815,11.800000000000182,0
456,3584.8,3584.99,3581.42,3581.79,55.666223,2019-01-16 21:40:00,3578.786500000001,5.586864552344686,3589.9602291046904,3567.6127708953118,0,0,3581.6779982146504,44.0,80.0,3583.965,3576.815,15.519999999999982,1
457,3580.81,3585.68,3580.0,3582.63,72.114942,2019-01-16 21:45:00,3579.2055000000014,5.542797578834002,3590.2910951576696,3568.119904842333,0,0,3582.1159794053774,40.0,76.0,3583.965,3576.815,10.920000000000073,0
458,3582.44,3586.3,3581.27,3583.47,37.480147,2019-01-16 21:50:00,3579.3775000000014,5.62252974997917,3590.6225594999596,3568.1324405000432,0,0,3582.514523922155,36.0,72.0,3583.965,3576.815,10.980000000000018,1
459,3583.48,3591.82,3577.37,3584.29,116.001826,2019-01-16 21:55:00,3579.5825000000013,5.727477514939448,3591.03745502988,3568.1275449701225,0,0,3582.9665302789017,32.0,68.0,3583.965,3576.815,9.279999999999745,0
460,3584.29,3586.29,3576.05,3578.62,87.839559,2019-01-16 22:00:00,3579.827500000001,5.566029365235346,3590.9595587304716,3568.69544126953,0,0,3582.493600381135,28.000000000000004,64.0,3581.885,3576.815,-0.09999999999990905,1
461,3578.39,3584.8,3577.9,3582.86,43.970941,2019-01-16 22:05:00,3580.3205000000007,5.362409587011322,3591.0453191740235,3569.595680825978,0,0,3582.6201204560903,24.0,60.0,3581.71,3576.815,4.950000000000273,1
462,3583.15,3586.12,3579.41,3583.65,57.240767,2019-01-16 22:10:00,3581.1895000000004,4.260708459736331,3589.710916919473,3572.6680830805276,0,0,3582.8607717043224,20.0,56.00000000000001,3581.71,3576.815,0.8899999999998727,0
463,3583.8,3583.84,3580.0,3581.24,45.581074,2019-01-16 22:15:00,3581.666,3.631149448275179,3588.9282988965506,3574.4037011034497,0,0,3582.6285388677684,16.0,52.0,3581.71,3576.815,-2.150000000000091,0
464,3581.58,3583.01,3580.0,3581.5,49.613581,2019-01-16 22:20:00,3582.1165,2.922591270903177,3587.9616825418066,3576.2713174581936,0,0,3582.450621018547,12.0,48.0,3581.455,3576.815,-3.8299999999999272,0
465,3581.02,3582.92,3580.2,3581.93,54.05903,2019-01-16 22:25:00,3582.4625,2.3998615639723297,3587.2622231279447,3577.6627768720555,0,0,3582.3192515031037,8.0,44.0,3581.455,3576.815,-5.430000000000291,0
466,3580.84,3584.48,3580.62,3583.2,39.256801,2019-01-16 22:30:00,3582.6865,2.2356143038780583,3587.157728607756,3578.2152713922437,0,0,3582.3482349903356,4.0,40.0,3581.455,3576.815,-1.9500000000002728,0
467,3583.45,3585.0,3580.0,3581.59,57.472167,2019-01-16 22:35:00,3582.8704999999995,1.9557162505193564,3586.781932501038,3578.959067498961,0,0,3582.1840441101554,4.0,36.0,3581.455,3576.815,1.0199999999999818,0
468,3580.77,3584.0,3580.21,3584.0,54.25551,2019-01-16 22:40:00,3582.9325,1.9716193584590567,3586.875738716918,3578.9892612830818,0,0,3582.477915412935,4.0,32.0,3581.31,3579.535,2.7199999999998,0
469,3584.0,3584.0,3576.28,3580.62,54.83356,2019-01-16 22:45:00,3582.7939999999994,2.0340920643446774,3586.8621841286886,3578.7258158713103,0,0,3582.2328075609757,4.0,28.000000000000004,3582.31,3579.925,-4.180000000000291,0
470,3580.63,3584.04,3577.45,3580.85,51.024534,2019-01-16 22:50:00,3582.5699999999997,1.986234204645808,3586.5424684092914,3578.597531590708,0,0,3581.9829410399466,8.0,24.0,3582.31,3581.1850000000004,-0.9400000000000546,0
471,3581.15,3581.94,3579.02,3579.89,31.826756,2019-01-16 22:55:00,3582.1964999999996,1.7229970064185975,3585.642494012837,3578.7505059871623,0,0,3581.68427794306,4.0,20.0,3581.9449999999997,3582.635,-2.7400000000002365,0
472,3580.18,3581.22,3578.0,3581.19,49.206132,2019-01-16 23:00:00,3581.9985,1.5879721427762439,3585.1744442855525,3578.822555714448,0,0,3581.5944166357963,52.0,16.0,3581.9449999999997,3582.635,-2.2799999999997453,0
473,3581.2,3583.29,3580.1,3582.77,31.901906,2019-01-16 23:05:00,3582.1085,1.5597579940225048,3585.2280159880447,3578.988984011955,0,0,3581.727716226413,48.0,12.0,3581.9449999999997,3582.99,-1.5199999999999818,0
474,3581.71,3583.09,3581.14,3581.85,27.292239,2019-01-16 23:10:00,3582.137,1.5489932213915585,3585.2349864427833,3579.039013557217,0,0,3581.695427519577,44.0,8.0,3581.9449999999997,3582.99,3.230000000000018,0
475,3581.85,3583.53,3581.01,3583.47,43.178227,2019-01-16 23:15:00,3582.0705000000003,1.4543056762308335,3584.979111352462,3579.1618886475385,0,0,3582.0118125082768,40.0,4.0,3581.9449999999997,3582.99,0.6099999999996726,0
476,3582.47,3584.99,3582.06,3584.2,23.338651,2019-01-16 23:20:00,3582.1910000000003,1.5278257684906573,3585.2466515369815,3579.135348463019,0,0,3582.3114627477075,36.0,4.0,3582.045,3582.99,0.5499999999997272,0
477,3584.51,3591.99,3584.12,3590.88,58.427437,2019-01-16 23:25:00,3582.6035,2.473583113818498,3587.550666227637,3577.6563337723633,1,0,3583.5234976545776,32.0,100.0,3585.385,3584.75,9.640000000000327,0
478,3590.88,3593.55,3588.06,3591.01,56.582318,2019-01-16 23:30:00,3582.9805,3.1062712034508166,3589.193042406902,3576.7679575930983,1,0,3584.6498021380385,28.000000000000004,100.0,3585.45,3584.815,9.510000000000218,1
479,3591.0,3595.0,3588.02,3591.9,47.44351,2019-01-16 23:35:00,3583.361,3.686936968601275,3590.7348739372023,3575.9871260627974,1,0,3585.7588520579843,24.0,100.0,3585.895,3585.26,9.970000000000255,1
480,3592.73,3596.56,3590.63,3596.56,47.129015,2019-01-16 23:40:00,3584.2580000000003,4.5533152756984,3593.364630551397,3575.1513694486034,1,0,3587.3942456458085,20.0,100.0,3588.875,3587.59,13.360000000000127,1
481,3595.0,3598.73,3595.0,3598.73,52.672107,2019-01-16 23:45:00,3585.0515,5.56687786918578,3596.185255738372,3573.9177442616283,1,0,3589.1140128878924,16.0,100.0,3590.29,3588.675,17.139999999999873,0
482,3598.73,3598.98,3588.0,3588.4,87.246854,2019-01-16 23:50:00,3585.2889999999998,5.6051319529899875,3596.4992639059797,3574.07873609402,0,0,3589.157540029293,12.0,96.0,3590.29,3588.675,4.400000000000091,1
483,3588.55,3591.84,3585.67,3591.84,68.362849,2019-01-16 23:55:00,3585.8189999999995,5.702426907157937,3597.2238538143156,3574.4141461856834,0,0,3589.6457088205993,8.0,92.0,3591.1,3588.675,11.220000000000255,1
484,3591.84,3596.39,3588.58,3590.0,57.502172,2019-01-17 00:00:00,3586.2439999999997,5.680299658506058,3597.604599317012,3574.8834006829875,0,0,3589.8728828387884,4.0,88.0,3591.465,3588.675,9.150000000000091,1
485,3589.96,3596.06,3589.88,3595.99,54.479659,2019-01-17 00:05:00,3586.947,5.980406692727447,3598.907813385455,3574.986186614545,0,0,3590.9327163622297,44.0,84.0,3593.565,3588.675,16.09999999999991,1
486,3595.97,3597.23,3591.07,3593.18,43.895183,2019-01-17 00:10:00,3587.446,6.067038989915328,3599.5800779798305,3575.3119220201693,0,0,3591.4727501090565,40.0,80.0,3593.565,3589.31,11.989999999999782,1
487,3593.31,3597.29,3591.0,3593.6,114.068643,2019-01-17 00:15:00,3588.0465000000004,6.051260221064973,3600.14902044213,3575.9439795578705,0,0,3591.9806217370747,36.0,76.0,3593.565,3589.31,10.829999999999927,1
