,BTCUSDT,XLMBTC,IOTABTC,ADABTC,BNBBTC,EOSBTC,XRPBTC,ETHBTC,LTCBTC,ETCBTC,NEOBTC
0,6500.08,3.852e-05,8.496e-05,1.232e-05,0.001509,0.0008592,8.07e-05,0.033267,0.008932,0.001702,0.002761
1,6509.33,3.851e-05,8.497e-05,1.234e-05,0.0015089,0.0008659,8.071e-05,0.033288,0.00893,0.001702,0.002763
2,6504.43,3.852e-05,8.497e-05,1.235e-05,0.001509,0.000862,8.059e-05,0.033333,0.008943,0.0017,0.002762
3,6503.17,3.855e-05,8.497e-05,1.233e-05,0.001509,0.0008625,8.06e-05,0.033353,0.008952,0.0017,0.002764
4,6503.18,3.853e-05,8.505e-05,1.234e-05,0.0015093,0.0008619,8.058e-05,0.033323,0.008966,0.0017,0.002764
5,6501.0,3.849e-05,8.496e-05,1.234e-05,0.0015092,0.0008595,8.037e-05,0.033279,0.008982,0.001697,0.002762
6,6499.0,3.84e-05,8.501e-05,1.235e-05,0.0015079,0.0008603,8.021e-05,0.033266,0.008969,0.001697,0.002765
7,6495.0,3.845e-05,8.517e-05,1.236e-05,0.0015091,0.0008597,8.018e-05,0.03329,0.008973,0.001698,0.002761
8,6498.74,3.846e-05,8.509e-05,1.236e-05,0.0015078,0.0008599,8.028e-05,0.033296,0.008995,0.001699,0.002761
9,6496.89,3.844e-05,8.511e-05,1.234e-05,0.0015073,0.0008594,8.041e-05,0.033306,0.00898,0.0017,0.00276
10,6499.0,3.848e-05,8.515e-05,1.237e-05,0.0015078,0.0008588,8.05e-05,0.033285,0.008974,0.001699,0.002761
11,6494.8,3.85e-05,8.518e-05,1.236e-05,0.0015096,0.0008591,8.066e-05,0.033298,0.00898,0.001697,0.002763
12,6494.99,3.851e-05,8.516e-05,1.236e-05,0.0015095,0.0008582,8.055e-05,0.033284,0.008988,0.001699,0.002763
13,6489.87,3.845e-05,8.515e-05,1.237e-05,0.0015083,0.0008571,8.057e-05,0.033278,0.008981,0.001697,0.00276
14,6492.73,3.842e-05,8.515e-05,1.238e-05,0.0015079,0.000858,8.057e-05,0.033284,0.008966,0.001697,0.00276
15,6491.45,3.838e-05,8.534e-05,1.237e-05,0.0015078,0.0008588,8.056e-05,0.03327,0.008962,0.001696,0.00276
16,6492.11,3.837e-05,8.534e-05,1.237e-05,0.0015077,0.0008603,8.055e-05,0.033268,0.008964,0.001696,0.002761
17,6490.02,3.837e-05,8.517e-05,1.235e-05,0.0015078,0.0008593,8.049e-05,0.033271,0.009003,0.001698,0.002763
18,6486.08,3.839e-05,8.522e-05,1.238e-05,0.0015079,0.0008582,8.04e-05,0.033304,0.009033,0.001698,0.002762
19,6491.0,3.839e-05,8.528e-05,1.237e-05,0.001508,0.0008574,8.042e-05,0.033318,0.009043,0.0017,0.002756
20,6487.22,3.841e-05,8.521e-05,1.239e-05,0.0015089,0.000857,8.037e-05,0.033297,0.009042,0.0017,0.002762
21,6489.85,3.842e-05,8.549e-05,1.239e-05,0.0015092,0.0008571,8.038e-05,0.033284,0.009041,0.001701,0.002763
22,6487.44,3.835e-05,8.523e-05,1.241e-05,0.0015092,0.0008587,8.045e-05,0.033285,0.00905,0.001699,0.002769
23,6490.13,3.837e-05,8.525e-05,1.244e-05,0.0015088,0.0008585,8.068e-05,0.033277,0.009044,0.0017,0.002758
24,6500.0,3.837e-05,8.547e-05,1.249e-05,0.0015084,0.0008607,8.068e-05,0.03328,0.009052,0.001698,0.002764
25,6499.91,3.839e-05,8.547e-05,1.256e-05,0.0015088,0.0008592,8.083e-05,0.033297,0.00906,0.001701,0.002771
26,6500.0,3.846e-05,8.534e-05,1.252e-05,0.0015091,0.0008598,8.086e-05,0.033308,0.009091,0.001698,0.002773
27,6498.95,3.847e-05,8.534e-05,1.25e-05,0.0015091,0.0008594,8.075e-05,0.033311,0.00914,0.0017,0.002774
28,6495.5,3.846e-05,8.518e-05,1.249e-05,0.0015083,0.0008596,8.064e-05,0.033338,0.009158,0.001701,0.002773
29,6494.69,3.853e-05,8.518e-05,1.245e-05,0.001509,0.0008598,8.076e-05,0.033338,0.009187,0.0017,0.002773
30,6499.88,3.855e-05,8.523e-05,1.25e-05,0.0015099,0.0008605,8.074e-05,0.03335,0.009237,0.001702,0.002774
31,6504.66,3.859e-05,8.519e-05,1.247e-05,0.001511,0.000861,8.089e-05,0.033356,0.0094,0.001706,0.002768
32,6510.0,3.86e-05,8.546e-05,1.251e-05,0.0015123,0.0008613,8.108e-05,0.033454,0.009436,0.001709,0.002779
33,6512.75,3.859e-05,8.576e-05,1.254e-05,0.0015123,0.0008616,8.096e-05,0.033453,0.009444,0.001713,0.002783
34,6509.16,3.859e-05,8.593e-05,1.253e-05,0.0015123,0.0008605,8.104e-05,0.033466,0.00944,0.001728,0.002786
35,6507.32,3.859e-05,8.62e-05,1.256e-05,0.0015124,0.0008602,8.071e-05,0.033461,0.009334,0.001739,0.002785
36,6506.01,3.861e-05,8.622e-05,1.255e-05,0.001513,0.0008602,8.08e-05,0.033485,0.009335,0.001738,0.002789
37,6507.6,3.868e-05,8.602e-05,1.257e-05,0.0015136,0.0008614,8.08e-05,0.033526,0.009396,0.001739,0.002792
38,6510.0,3.868e-05,8.604e-05,1.256e-05,0.0015133,0.0008594,8.086e-05,0.033547,0.009423,0.00174,0.002795
39,6517.95,3.869e-05,8.602e-05,1.26e-05,0.0015144,0.0008622,8.086e-05,0.033561,0.009426,0.001741,0.002799
40,6515.73,3.872e-05,8.605e-05,1.259e-05,0.0015147,0.0008637,8.097e-05,0.033591,0.00943,0.001738,0.002795
41,6516.01,3.871e-05,8.612e-05,1.259e-05,0.0015148,0.0008637,8.11e-05,0.033632,0.009396,0.001736,0.0028
42,6510.57,3.866e-05,8.623e-05,1.255e-05,0.0015138,0.0008607,8.105e-05,0.033599,0.009364,0.001722,0.002799
43,6512.86,3.867e-05,8.631e-05,1.256e-05,0.0015147,0.000861,8.113e-05,0.033578,0.009385,0.001722,0.002798
44,6513.23,3.866e-05,8.61e-05,1.255e-05,0.0015142,0.000861,8.116e-05,0.033565,0.009382,0.00172,0.002796
45,6516.36,3.877e-05,8.61e-05,1.254e-05,0.0015134,0.0008595,8.112e-05,0.033523,0.009387,0.001722,0.002795
46,6518.1,3.864e-05,8.619e-05,1.254e-05,0.0015133,0.0008615,8.086e-05,0.033539,0.009398,0.00172,0.002794
47,6517.47,3.863e-05,8.606e-05,1.255e-05,0.0015128,0.0008606,8.077e-05,0.033519,0.009415,0.001723,0.002797
48,6518.38,3.867e-05,8.606e-05,1.252e-05,0.0015114,0.0008613,8.091e-05,0.033509,0.009425,0.001724,0.002792
49,6513.23,3.867e-05,8.609e-05,1.253e-05,0.0015101,0.0008623,8.093e-05,0.033516,0.009421,0.001728,0.00279
50,6507.6,3.865e-05,8.581e-05,1.247e-05,0.00151,0.0008603,8.079e-05,0.033461,0.009456,0.001727,0.002784
51,6511.27,3.873e-05,8.581e-05,1.247e-05,0.0015099,0.0008611,8.078e-05,0.033451,0.00945,0.001728,0.002786
52,6514.99,3.861e-05,8.59e-05,1.246e-05,0.0015082,0.0008613,8.078e-05,0.033465,0.009482,0.001726,0.00279
53,6511.78,3.852e-05,8.558e-05,1.245e-05,0.001508,0.0008592,8.071e-05,0.033475,0.00955,0.001726,0.002789
54,6514.45,3.861e-05,8.609e-05,1.242e-05,0.0015069,0.0008595,8.059e-05,0.033487,0.00969,0.001727,0.002791
55,6514.9,3.862e-05,8.599e-05,1.243e-05,0.0015046,0.0008593,8.05e-05,0.033499,0.009801,0.001734,0.002789
56,6514.85,3.86e-05,8.599e-05,1.243e-05,0.001504,0.0008605,8.045e-05,0.0335,0.009686,0.001744,0.002796
57,6514.85,3.86e-05,8.583e-05,1.249e-05,0.001504,0.0008609,8.042e-05,0.033488,0.009701,0.001747,0.002803
58,6517.15,3.86e-05,8.591e-05,1.252e-05,0.001504,0.000861,8.051e-05,0.033502,0.009715,0.001745,0.002809
59,6521.83,3.864e-05,8.621e-05,1.259e-05,0.0015044,0.0008634,8.076e-05,0.033597,0.009658,0.001745,0.002816
60,6525.01,3.868e-05,8.624e-05,1.26e-05,0.0015046,0.0008706,8.059e-05,0.03362,0.00966,0.001745,0.002825
61,6529.1,3.869e-05,8.624e-05,1.262e-05,0.0015063,0.0008716,8.066e-05,0.033669,0.009793,0.001745,0.002824
62,6529.01,3.873e-05,8.63e-05,1.263e-05,0.0015079,0.0008728,8.072e-05,0.033779,0.009854,0.001745,0.002828
63,6529.28,3.86e-05,8.62e-05,1.265e-05,0.0015088,0.0008691,8.092e-05,0.033746,0.009688,0.001748,0.002817
64,6529.07,3.873e-05,8.627e-05,1.269e-05,0.0015082,0.0008717,8.096e-05,0.033754,0.009753,0.001748,0.002817
65,6523.23,3.872e-05,8.627e-05,1.266e-05,0.0015084,0.000871,8.09e-05,0.03371,0.009709,0.001746,0.002818
66,6520.79,3.868e-05,8.609e-05,1.264e-05,0.0015081,0.0008694,8.081e-05,0.033703,0.009725,0.001742,0.002817
67,6518.9,3.868e-05,8.611e-05,1.262e-05,0.0015075,0.0008701,8.08e-05,0.033661,0.009714,0.001738,0.002817
68,6517.35,3.874e-05,8.61e-05,1.261e-05,0.001509,0.0008704,8.075e-05,0.033725,0.009717,0.001735,0.002802
69,6513.0,3.867e-05,8.613e-05,1.263e-05,0.0015097,0.0008697,8.069e-05,0.033698,0.009739,0.001734,0.002809
70,6513.01,3.86e-05,8.613e-05,1.26e-05,0.0015088,0.000868,8.066e-05,0.033654,0.009608,0.001733,0.002808
71,6514.95,3.866e-05,8.616e-05,1.259e-05,0.0015089,0.0008683,8.064e-05,0.033654,0.009642,0.001733,0.002803
72,6512.06,3.868e-05,8.615e-05,1.26e-05,0.0015098,0.0008684,8.068e-05,0.033653,0.009641,0.001734,0.002803
73,6518.29,3.866e-05,8.635e-05,1.257e-05,0.0015098,0.0008689,8.072e-05,0.033672,0.009725,0.001733,0.002808
74,6520.0,3.867e-05,8.656e-05,1.263e-05,0.0015105,0.0008681,8.077e-05,0.033697,0.00972,0.001738,0.002814
75,6519.88,3.866e-05,8.657e-05,1.263e-05,0.001511,0.0008691,8.076e-05,0.033703,0.009671,0.00174,0.002814
76,6520.3,3.864e-05,8.662e-05,1.264e-05,0.0015116,0.0008698,8.071e-05,0.033753,0.009653,0.001741,0.002819
77,6528.37,3.868e-05,8.667e-05,1.266e-05,0.0015122,0.00087,8.07e-05,0.033762,0.009639,0.001738,0.002828
78,6522.67,3.861e-05,8.645e-05,1.268e-05,0.0015122,0.0008665,8.07e-05,0.033703,0.009627,0.001737,0.002819
79,6520.07,3.856e-05,8.671e-05,1.267e-05,0.0015126,0.0008641,8.062e-05,0.033744,0.009633,0.001739,0.002825
80,6521.21,3.859e-05,8.658e-05,1.265e-05,0.0015125,0.0008647,8.057e-05,0.033714,0.009611,0.001738,0.002824
81,6521.11,3.862e-05,8.671e-05,1.264e-05,0.0015139,0.0008654,8.064e-05,0.033712,0.009633,0.001739,0.002822
82,6515.4,3.856e-05,8.648e-05,1.267e-05,0.0015137,0.000866,8.039e-05,0.033695,0.009623,0.001736,0.002821
83,6505.51,3.85e-05,8.654e-05,1.265e-05,0.0015125,0.0008636,8.039e-05,0.033672,0.009621,0.001734,0.002818
84,6510.59,3.844e-05,8.649e-05,1.261e-05,0.0015126,0.000865,8.035e-05,0.033621,0.009626,0.001732,0.002819
85,6509.98,3.846e-05,8.648e-05,1.264e-05,0.0015126,0.0008639,8.033e-05,0.03362,0.009618,0.001729,0.002808
86,6504.89,3.849e-05,8.631e-05,1.259e-05,0.0015107,0.0008611,8.03e-05,0.033587,0.009588,0.001727,0.002809
87,6506.9,3.843e-05,8.63e-05,1.26e-05,0.00151,0.0008615,8.023e-05,0.033548,0.009582,0.001724,0.002808
88,6502.14,3.838e-05,8.622e-05,1.258e-05,0.0015107,0.0008616,8.022e-05,0.033518,0.009583,0.001722,0.002815
89,6510.97,3.843e-05,8.63e-05,1.26e-05,0.001511,0.0008629,8.014e-05,0.033578,0.00966,0.001726,0.002814
90,6514.72,3.845e-05,8.643e-05,1.261e-05,0.0015102,0.0008632,8.015e-05,0.033571,0.009673,0.001728,0.002814
91,6515.67,3.846e-05,8.659e-05,1.261e-05,0.0015105,0.0008612,8.02e-05,0.033576,0.009617,0.001729,0.002811
92,6517.93,3.847e-05,8.635e-05,1.261e-05,0.0015096,0.0008622,8.03e-05,0.033531,0.00966,0.001728,0.002811
93,6516.95,3.85e-05,8.649e-05,1.261e-05,0.0015096,0.0008622,8.03e-05,0.033541,0.009674,0.001727,0.00281
94,6515.55,3.86e-05,8.649e-05,1.261e-05,0.0015095,0.0008629,8.035e-05,0.033523,0.00966,0.001727,0.002811
95,6516.85,3.857e-05,8.65e-05,1.261e-05,0.0015095,0.0008624,8.037e-05,0.033576,0.009644,0.001727,0.002811
96,6515.66,3.858e-05,8.648e-05,1.262e-05,0.0015096,0.0008624,8.033e-05,0.033591,0.00965,0.001726,0.002808
97,6515.66,3.859e-05,8.621e-05,1.263e-05,0.0015105,0.0008634,8.015e-05,0.033599,0.00964,0.001726,0.002809
98,6514.73,3.853e-05,8.629e-05,1.262e-05,0.0015102,0.0008631,8.025e-05,0.033536,0.009633,0.001726,0.002813
99,6515.46,3.849e-05,8.628e-05,1.263e-05,0.0015103,0.000862,8.024e-05,0.033515,0.009635,0.001726,0.002814
100,6514.78,3.851e-05,8.629e-05,1.266e-05,0.0015098,0.0008634,8.026e-05,0.033527,0.009634,0.001726,0.002813
101,6512.66,3.851e-05,8.628e-05,1.269e-05,0.00151,0.0008626,8.032e-05,0.033543,0.00963,0.001725,0.002811
102,6515.53,3.841e-05,8.625e-05,1.273e-05,0.0015099,0.000863,8.037e-05,0.033564,0.009618,0.001725,0.002813
103,6519.0,3.839e-05,8.61e-05,1.279e-05,0.0015094,0.0008647,8.04e-05,0.033564,0.009619,0.001725,0.002812
104,6523.7,3.849e-05,8.624e-05,1.287e-05,0.0015099,0.0008657,8.068e-05,0.033564,0.009655,0.001725,0.002814
105,6534.39,3.857e-05,8.636e-05,1.289e-05,0.0015101,0.0008651,8.068e-05,0.033578,0.009668,0.001727,0.002825
106,6534.0,3.855e-05,8.636e-05,1.281e-05,0.0015103,0.0008661,8.074e-05,0.033629,0.00971,0.001731,0.00282
107,6539.71,3.862e-05,8.658e-05,1.291e-05,0.001511,0.0008679,8.078e-05,0.033697,0.009726,0.001733,0.002826
108,6530.01,3.858e-05,8.665e-05,1.295e-05,0.001512,0.0008665,8.068e-05,0.033655,0.009686,0.001738,0.002827
109,6523.61,3.863e-05,8.666e-05,1.298e-05,0.0015122,0.0008662,8.069e-05,0.033678,0.00966,0.001737,0.002831
110,6529.96,3.861e-05,8.685e-05,1.295e-05,0.0015129,0.0008697,8.072e-05,0.033696,0.009684,0.001737,0.002829
111,6529.0,3.863e-05,8.689e-05,1.296e-05,0.0015127,0.0008699,8.092e-05,0.033754,0.00967,0.001736,0.002841
112,6531.43,3.87e-05,8.669e-05,1.294e-05,0.0015127,0.0008686,8.083e-05,0.033744,0.009678,0.001736,0.002841
113,6534.18,3.858e-05,8.688e-05,1.283e-05,0.0015126,0.0008682,8.084e-05,0.033727,0.009674,0.001735,0.002837
114,6529.88,3.86e-05,8.67e-05,1.285e-05,0.0015127,0.0008677,8.092e-05,0.033716,0.009695,0.001734,0.002843
115,6525.87,3.859e-05,8.65e-05,1.284e-05,0.0015127,0.0008656,8.078e-05,0.033691,0.00968,0.001732,0.002838
116,6524.99,3.86e-05,8.667e-05,1.283e-05,0.0015124,0.0008643,8.067e-05,0.033686,0.009698,0.001731,0.002833
117,6523.71,3.865e-05,8.645e-05,1.283e-05,0.0015114,0.0008647,8.06e-05,0.033676,0.00968,0.001732,0.002823
118,6523.27,3.855e-05,8.659e-05,1.287e-05,0.0015116,0.0008653,8.064e-05,0.033666,0.009697,0.001732,0.002826
119,6519.92,3.856e-05,8.658e-05,1.285e-05,0.0015104,0.0008647,8.062e-05,0.033629,0.00965,0.00173,0.002818
120,6517.08,3.854e-05,8.658e-05,1.285e-05,0.0015119,0.0008644,8.062e-05,0.033626,0.009653,0.001731,0.002821
121,6513.27,3.854e-05,8.637e-05,1.286e-05,0.0015108,0.0008647,8.056e-05,0.03361,0.009632,0.001731,0.00282
122,6520.69,3.857e-05,8.643e-05,1.29e-05,0.0015107,0.0008669,8.06e-05,0.033663,0.009671,0.001729,0.002826
123,6521.99,3.851e-05,8.639e-05,1.294e-05,0.0015117,0.0008662,8.054e-05,0.033659,0.009672,0.00173,0.002818
124,6522.0,3.848e-05,8.625e-05,1.294e-05,0.0015102,0.0008712,8.06e-05,0.033684,0.009665,0.001729,0.002827
125,6522.73,3.846e-05,8.633e-05,1.294e-05,0.00151,0.0008657,8.061e-05,0.033635,0.00964,0.001726,0.002818
126,6525.0,3.85e-05,8.622e-05,1.294e-05,0.0015104,0.0008669,8.059e-05,0.033651,0.009639,0.001728,0.002823
127,6520.04,3.85e-05,8.627e-05,1.295e-05,0.001511,0.0008654,8.046e-05,0.033645,0.009624,0.001728,0.002826
128,6514.89,3.851e-05,8.621e-05,1.289e-05,0.0015101,0.0008645,8.053e-05,0.033598,0.00962,0.001729,0.002822
129,6513.98,3.849e-05,8.629e-05,1.286e-05,0.001511,0.0008658,8.046e-05,0.033595,0.009627,0.001727,0.002821
130,6506.74,3.852e-05,8.621e-05,1.283e-05,0.0015103,0.000865,8.031e-05,0.033572,0.009634,0.001728,0.002818
131,6507.0,3.853e-05,8.622e-05,1.281e-05,0.0015102,0.0008653,8.047e-05,0.03356,0.009627,0.001728,0.002812
132,6514.78,3.851e-05,8.641e-05,1.283e-05,0.0015099,0.0008658,8.048e-05,0.033583,0.00962,0.001727,0.002813
133,6512.59,3.852e-05,8.652e-05,1.286e-05,0.0015099,0.0008654,8.049e-05,0.033563,0.009607,0.001727,0.002821
134,6507.83,3.851e-05,8.645e-05,1.285e-05,0.001512,0.0008641,8.039e-05,0.033546,0.009626,0.001729,0.002818
135,6506.72,3.854e-05,8.657e-05,1.282e-05,0.001512,0.0008622,8.041e-05,0.033527,0.009621,0.001728,0.002817
136,6505.53,3.86e-05,8.643e-05,1.278e-05,0.001511,0.0008648,8.044e-05,0.033516,0.009624,0.001727,0.00282
137,6502.14,3.856e-05,8.621e-05,1.278e-05,0.0015107,0.0008638,8.043e-05,0.033517,0.009611,0.001726,0.00281
138,6502.0,3.849e-05,8.638e-05,1.281e-05,0.0015101,0.0008613,8.038e-05,0.03346,0.009596,0.001727,0.00281
139,6502.19,3.853e-05,8.636e-05,1.28e-05,0.0015097,0.0008624,8.035e-05,0.033514,0.00958,0.001726,0.002809
140,6502.22,3.847e-05,8.657e-05,1.28e-05,0.0015099,0.0008616,8.034e-05,0.033482,0.009559,0.001725,0.002807
141,6502.31,3.848e-05,8.639e-05,1.28e-05,0.0015095,0.000861,8.035e-05,0.033489,0.009554,0.001723,0.002805
142,6502.33,3.844e-05,8.659e-05,1.28e-05,0.001509,0.0008591,8.029e-05,0.033466,0.00955,0.001721,0.002803
143,6497.0,3.823e-05,8.639e-05,1.276e-05,0.0015088,0.0008604,8.021e-05,0.033459,0.009546,0.001724,0.002799
144,6499.68,3.832e-05,8.632e-05,1.27e-05,0.0015083,0.0008609,8.036e-05,0.033433,0.009565,0.001724,0.002805
145,6502.28,3.835e-05,8.635e-05,1.272e-05,0.0015082,0.0008616,8.025e-05,0.033445,0.009566,0.001723,0.002804
146,6504.43,3.838e-05,8.604e-05,1.277e-05,0.001509,0.0008621,8.029e-05,0.033493,0.009557,0.001724,0.002805
147,6506.75,3.823e-05,8.607e-05,1.275e-05,0.0015089,0.0008626,8.04e-05,0.033485,0.009579,0.001722,0.002808
148,6505.59,3.834e-05,8.639e-05,1.277e-05,0.001509,0.0008609,8.035e-05,0.03346,0.009573,0.001723,0.002809
149,6499.01,3.833e-05,8.641e-05,1.278e-05,0.0015092,0.0008617,8.041e-05,0.033476,0.009565,0.001725,0.002804
150,6498.32,3.834e-05,8.613e-05,1.278e-05,0.0015096,0.0008612,8.048e-05,0.033473,0.009566,0.001724,0.002808
151,6498.98,3.833e-05,8.635e-05,1.277e-05,0.00151,0.0008617,8.047e-05,0.03348,0.009564,0.001724,0.002809
152,6500.99,3.84e-05,8.641e-05,1.279e-05,0.0015097,0.0008623,8.043e-05,0.03354,0.009555,0.001725,0.002806
153,6498.96,3.842e-05,8.618e-05,1.28e-05,0.0015091,0.0008634,8.046e-05,0.033528,0.009561,0.001723,0.002809
154,6496.55,3.836e-05,8.664e-05,1.279e-05,0.0015096,0.0008626,8.045e-05,0.033527,0.009549,0.001726,0.002807
155,6497.14,3.838e-05,8.688e-05,1.277e-05,0.0015091,0.0008624,8.04e-05,0.033526,0.009539,0.001725,0.002807
156,6500.0,3.838e-05,8.662e-05,1.277e-05,0.0015074,0.0008624,8.044e-05,0.033482,0.00952,0.001725,0.002805
157,6506.89,3.839e-05,8.686e-05,1.278e-05,0.0015084,0.000862,8.046e-05,0.033482,0.00955,0.001727,0.002806
158,6504.52,3.834e-05,8.689e-05,1.28e-05,0.001509,0.0008621,8.049e-05,0.033498,0.009563,0.001725,0.002806
159,6509.98,3.837e-05,8.69e-05,1.278e-05,0.0015111,0.000862,8.045e-05,0.033512,0.009577,0.001725,0.002815
160,6508.01,3.836e-05,8.703e-05,1.278e-05,0.0015114,0.0008625,8.048e-05,0.033509,0.009556,0.001725,0.002822
161,6514.96,3.84e-05,8.772e-05,1.278e-05,0.0015129,0.000862,8.061e-05,0.033654,0.009575,0.001725,0.002819
162,6512.51,3.84e-05,8.92e-05,1.281e-05,0.0015133,0.0008641,8.07e-05,0.033665,0.009575,0.001725,0.002821
163,6514.96,3.84e-05,8.873e-05,1.279e-05,0.0015124,0.0008634,8.056e-05,0.033622,0.009571,0.001725,0.002821
164,6519.17,3.844e-05,8.931e-05,1.281e-05,0.0015121,0.0008637,8.07e-05,0.033636,0.009597,0.001725,0.002823
165,6518.0,3.846e-05,8.981e-05,1.283e-05,0.0015116,0.0008649,8.055e-05,0.03362,0.009601,0.001725,0.002824
166,6516.0,3.845e-05,8.969e-05,1.287e-05,0.0015111,0.0008648,8.062e-05,0.03359,0.009585,0.001725,0.002822
167,6512.19,3.837e-05,8.91e-05,1.285e-05,0.0015104,0.0008661,8.06e-05,0.033569,0.009599,0.001726,0.002817
168,6513.77,3.84e-05,8.844e-05,1.286e-05,0.0015106,0.0008652,8.059e-05,0.033621,0.009577,0.001726,0.002816
169,6516.03,3.844e-05,8.875e-05,1.283e-05,0.0015103,0.0008651,8.061e-05,0.033607,0.009591,0.001727,0.002824
170,6510.49,3.845e-05,8.855e-05,1.283e-05,0.001511,0.0008646,8.07e-05,0.033597,0.009582,0.001725,0.002825
171,6510.04,3.839e-05,8.803e-05,1.283e-05,0.0015115,0.0008635,8.046e-05,0.033585,0.009583,0.001726,0.002823
172,6510.37,3.838e-05,8.806e-05,1.283e-05,0.0015112,0.0008638,8.05e-05,0.033555,0.009578,0.001725,0.002815
173,6510.02,3.841e-05,8.848e-05,1.28e-05,0.0015115,0.0008637,8.04e-05,0.033558,0.009574,0.001724,0.00282
174,6519.06,3.845e-05,8.875e-05,1.27e-05,0.0015115,0.0008639,8.066e-05,0.033592,0.009576,0.001723,0.00282
175,6520.0,3.845e-05,8.879e-05,1.274e-05,0.0015098,0.0008638,8.053e-05,0.033564,0.009576,0.001722,0.002815
176,6522.95,3.845e-05,8.875e-05,1.272e-05,0.0015102,0.0008637,8.056e-05,0.033566,0.009576,0.001722,0.002822
177,6522.9,3.852e-05,8.863e-05,1.269e-05,0.00151,0.0008639,8.065e-05,0.033602,0.009584,0.001723,0.002819
178,6520.99,3.844e-05,8.879e-05,1.269e-05,0.0015101,0.000864,8.063e-05,0.033544,0.009587,0.001723,0.002818
179,6519.01,3.843e-05,8.895e-05,1.272e-05,0.0015095,0.0008628,8.058e-05,0.033554,0.009576,0.001723,0.002818
180,6521.48,3.846e-05,8.904e-05,1.272e-05,0.0015095,0.0008637,8.066e-05,0.03355,0.00958,0.001723,0.00282
181,6523.98,3.849e-05,8.903e-05,1.274e-05,0.0015097,0.0008641,8.05e-05,0.033563,0.009581,0.001723,0.002821
182,6528.71,3.848e-05,8.89e-05,1.275e-05,0.00151,0.0008641,8.063e-05,0.033583,0.009619,0.001723,0.002824
183,6530.0,3.846e-05,8.9e-05,1.277e-05,0.0015107,0.0008654,8.069e-05,0.033615,0.009601,0.001728,0.002827
184,6531.0,3.847e-05,8.905e-05,1.28e-05,0.0015089,0.000866,8.068e-05,0.033596,0.0096,0.00173,0.002831
185,6525.01,3.844e-05,8.909e-05,1.282e-05,0.0015093,0.0008655,8.066e-05,0.033564,0.0096,0.001727,0.002829
186,6533.96,3.847e-05,8.906e-05,1.282e-05,0.0015061,0.000867,8.064e-05,0.033531,0.00963,0.001728,0.002828
187,6526.49,3.847e-05,8.898e-05,1.279e-05,0.0015026,0.0008655,8.07e-05,0.033541,0.009678,0.001728,0.002834
188,6529.16,3.85e-05,8.89e-05,1.279e-05,0.0015022,0.000867,8.074e-05,0.033578,0.009676,0.001727,0.002837
189,6531.0,3.849e-05,8.887e-05,1.278e-05,0.0015022,0.0008666,8.064e-05,0.033569,0.009683,0.001726,0.002837
190,6526.94,3.845e-05,8.857e-05,1.276e-05,0.0015009,0.0008644,8.061e-05,0.033554,0.009675,0.001726,0.002836
191,6523.48,3.852e-05,8.875e-05,1.276e-05,0.0014983,0.0008634,8.065e-05,0.033584,0.00966,0.001725,0.00284
192,6518.0,3.851e-05,8.806e-05,1.276e-05,0.0015014,0.0008618,8.068e-05,0.033548,0.009629,0.001727,0.002833
193,6516.77,3.851e-05,8.83e-05,1.276e-05,0.0015,0.0008615,8.071e-05,0.033569,0.009626,0.001726,0.002841
194,6515.54,3.846e-05,8.846e-05,1.281e-05,0.0014989,0.0008624,8.062e-05,0.033551,0.009656,0.001727,0.002839
195,6513.23,3.855e-05,8.858e-05,1.282e-05,0.001499,0.0008626,8.063e-05,0.033531,0.009654,0.001727,0.002838
196,6517.57,3.857e-05,8.859e-05,1.285e-05,0.0014985,0.0008619,8.06e-05,0.033524,0.009651,0.001729,0.002841
197,6518.0,3.855e-05,8.832e-05,1.286e-05,0.0014988,0.0008631,8.059e-05,0.033537,0.009654,0.001727,0.002841
198,6520.38,3.854e-05,8.88e-05,1.287e-05,0.0015003,0.0008636,8.059e-05,0.033539,0.009657,0.001729,0.002845
199,6514.04,3.857e-05,8.873e-05,1.289e-05,0.0014971,0.0008623,8.058e-05,0.033534,0.00969,0.00173,0.002844
200,6516.0,3.853e-05,8.887e-05,1.29e-05,0.0014976,0.0008623,8.058e-05,0.033516,0.00969,0.00173,0.002842
201,6509.54,3.85e-05,8.878e-05,1.29e-05,0.0014988,0.0008626,8.056e-05,0.033519,0.009678,0.001728,0.002844
202,6511.3,3.851e-05,8.882e-05,1.296e-05,0.0014996,0.0008626,8.06e-05,0.033519,0.009671,0.001727,0.002848
203,6513.16,3.854e-05,8.871e-05,1.305e-05,0.001499,0.000863,8.054e-05,0.033539,0.009665,0.001727,0.002855
204,6514.72,3.849e-05,8.874e-05,1.31e-05,0.0015003,0.0008621,8.051e-05,0.033544,0.009683,0.001729,0.00286
205,6518.01,3.848e-05,8.856e-05,1.3e-05,0.0015016,0.0008629,8.048e-05,0.033548,0.00968,0.001732,0.002875
206,6518.0,3.842e-05,8.873e-05,1.299e-05,0.001502,0.0008642,8.046e-05,0.033549,0.00969,0.001733,0.002877
207,6517.03,3.85e-05,8.879e-05,1.303e-05,0.0015014,0.0008656,8.042e-05,0.033543,0.009689,0.001733,0.002877
208,6517.99,3.847e-05,8.897e-05,1.301e-05,0.0015028,0.0008644,8.044e-05,0.033544,0.009686,0.001733,0.002889
209,6514.88,3.851e-05,8.9e-05,1.301e-05,0.0015031,0.0008661,8.036e-05,0.033561,0.009686,0.001732,0.002892
210,6517.99,3.865e-05,8.91e-05,1.305e-05,0.0015052,0.0008672,8.03e-05,0.033652,0.009667,0.001731,0.002904
211,6518.4,3.858e-05,8.916e-05,1.302e-05,0.0015055,0.0008668,8.022e-05,0.033612,0.009684,0.001732,0.002907
212,6515.77,3.858e-05,8.907e-05,1.303e-05,0.0015053,0.0008673,8.024e-05,0.033618,0.009684,0.001732,0.002907
213,6520.36,3.863e-05,8.929e-05,1.303e-05,0.0015055,0.0008668,8.033e-05,0.033625,0.009679,0.001733,0.002887
214,6519.0,3.858e-05,8.94e-05,1.305e-05,0.0015033,0.0008663,8.022e-05,0.033611,0.00967,0.001733,0.002882
215,6519.0,3.863e-05,8.932e-05,1.313e-05,0.0015041,0.0008658,8.023e-05,0.033645,0.00967,0.001734,0.002892
216,6519.0,3.864e-05,8.958e-05,1.316e-05,0.0015052,0.0008674,8.03e-05,0.033651,0.009669,0.001736,0.002895
217,6516.62,3.868e-05,8.953e-05,1.31e-05,0.0015055,0.0008669,8.03e-05,0.033648,0.00966,0.001735,0.002872
218,6515.28,3.874e-05,8.932e-05,1.309e-05,0.0015065,0.0008668,8.031e-05,0.033637,0.009647,0.001735,0.002875
219,6518.02,3.876e-05,8.921e-05,1.315e-05,0.0015071,0.0008674,8.04e-05,0.033613,0.00965,0.001734,0.002876
220,6516.0,3.877e-05,8.882e-05,1.318e-05,0.0015066,0.0008671,8.024e-05,0.033621,0.009613,0.001734,0.002871
221,6513.83,3.877e-05,8.911e-05,1.311e-05,0.0015067,0.0008666,8.023e-05,0.033603,0.0096,0.001734,0.002874
222,6511.88,3.874e-05,8.884e-05,1.314e-05,0.0015058,0.000865,8.008e-05,0.033581,0.009586,0.001733,0.002871
223,6510.95,3.876e-05,8.875e-05,1.315e-05,0.0015062,0.0008645,8.008e-05,0.033567,0.009582,0.001733,0.002867
224,6514.47,3.876e-05,8.861e-05,1.302e-05,0.0015058,0.0008648,8.001e-05,0.033568,0.009554,0.001731,0.002875
225,6513.89,3.88e-05,8.864e-05,1.307e-05,0.0015051,0.0008652,7.975e-05,0.03357,0.009566,0.00173,0.002875
226,6512.54,3.88e-05,8.876e-05,1.305e-05,0.0015048,0.0008649,7.98e-05,0.033562,0.009566,0.001733,0.002875
227,6515.0,3.89e-05,8.866e-05,1.306e-05,0.0015048,0.0008641,8.011e-05,0.033562,0.009575,0.001734,0.002873
228,6512.88,3.881e-05,8.862e-05,1.304e-05,0.0015047,0.0008656,8.012e-05,0.033562,0.009563,0.001733,0.002868
229,6517.01,3.884e-05,8.85e-05,1.3e-05,0.0015044,0.0008653,8.016e-05,0.033542,0.009581,0.001731,0.002868
230,6516.52,3.887e-05,8.84e-05,1.302e-05,0.0015033,0.0008645,8.013e-05,0.033551,0.0096,0.00173,0.002869
231,6516.0,3.897e-05,8.829e-05,1.302e-05,0.0015037,0.0008648,7.994e-05,0.033535,0.00959,0.00173,0.002863
232,6517.0,3.89e-05,8.843e-05,1.307e-05,0.0015034,0.0008648,7.994e-05,0.033505,0.009584,0.001731,0.002859
233,6515.23,3.897e-05,8.837e-05,1.308e-05,0.0015035,0.000863,7.995e-05,0.033521,0.009583,0.001729,0.002855
234,6515.11,3.901e-05,8.82e-05,1.306e-05,0.0015027,0.0008627,7.995e-05,0.033487,0.009608,0.001727,0.002853
235,6502.12,3.902e-05,8.773e-05,1.304e-05,0.0015036,0.0008626,7.99e-05,0.033484,0.009625,0.001727,0.002855
236,6500.0,3.893e-05,8.723e-05,1.296e-05,0.0015028,0.0008591,7.977e-05,0.03346,0.009625,0.001725,0.002846
237,6498.0,3.878e-05,8.755e-05,1.296e-05,0.0015021,0.0008594,7.998e-05,0.033471,0.009625,0.001725,0.002844
238,6491.0,3.887e-05,8.746e-05,1.294e-05,0.0015032,0.0008601,7.987e-05,0.033446,0.009578,0.001725,0.002843
239,6494.9,3.891e-05,8.745e-05,1.289e-05,0.0014996,0.00086,7.968e-05,0.03341,0.009556,0.001725,0.002843
240,6491.16,3.887e-05,8.808e-05,1.292e-05,0.0014994,0.0008584,7.98e-05,0.033419,0.009558,0.001723,0.002836
241,6491.01,3.887e-05,8.743e-05,1.293e-05,0.0014995,0.0008568,7.982e-05,0.03339,0.009554,0.001724,0.002836
242,6488.0,3.88e-05,8.724e-05,1.295e-05,0.0015007,0.0008546,7.991e-05,0.033363,0.00955,0.001723,0.002836
243,6491.16,3.883e-05,8.753e-05,1.292e-05,0.0015011,0.000854,7.992e-05,0.033364,0.00954,0.001723,0.002836
244,6491.51,3.885e-05,8.755e-05,1.294e-05,0.0015007,0.0008523,7.98e-05,0.033367,0.009539,0.001728,0.002833
245,6497.99,3.88e-05,8.761e-05,1.297e-05,0.0015008,0.0008544,8.015e-05,0.033389,0.009547,0.001723,0.002841
246,6500.0,3.88e-05,8.765e-05,1.299e-05,0.0015002,0.0008535,8e-05,0.033384,0.009579,0.001726,0.002848
247,6494.07,3.88e-05,8.779e-05,1.299e-05,0.0015011,0.0008532,8.004e-05,0.033391,0.009578,0.001722,0.002837
248,6500.0,3.883e-05,8.828e-05,1.301e-05,0.0015035,0.0008547,8.01e-05,0.033414,0.009585,0.001725,0.002847
249,6500.5,3.889e-05,8.825e-05,1.302e-05,0.0015046,0.0008553,8.016e-05,0.033429,0.0096,0.001728,0.002848
250,6497.33,3.894e-05,8.787e-05,1.298e-05,0.0015075,0.000854,8.013e-05,0.033382,0.009609,0.001726,0.002841
251,6492.97,3.888e-05,8.785e-05,1.295e-05,0.0015066,0.0008546,7.999e-05,0.033382,0.009607,0.001726,0.002837
252,6497.52,3.897e-05,8.753e-05,1.297e-05,0.0015065,0.0008508,8e-05,0.03339,0.0096,0.001727,0.002834
253,6498.97,3.893e-05,8.754e-05,1.295e-05,0.0015081,0.0008532,8e-05,0.033397,0.009596,0.001723,0.00284
254,6500.23,3.9e-05,8.763e-05,1.298e-05,0.0015087,0.000853,8e-05,0.033407,0.009604,0.001725,0.002841
255,6506.96,3.911e-05,8.758e-05,1.302e-05,0.001507,0.0008548,8.01e-05,0.033423,0.009617,0.001725,0.002849
256,6509.9,3.92e-05,8.782e-05,1.302e-05,0.0015106,0.0008566,8.047e-05,0.033434,0.009634,0.001728,0.00286
257,6510.01,3.924e-05,8.773e-05,1.306e-05,0.0015111,0.0008574,8.049e-05,0.033465,0.00966,0.001729,0.002855
258,6506.47,3.939e-05,8.772e-05,1.304e-05,0.0015115,0.0008557,8.036e-05,0.033432,0.009618,0.001727,0.00285
259,6506.0,3.94e-05,8.772e-05,1.303e-05,0.0015107,0.0008564,8.029e-05,0.03345,0.009644,0.001728,0.002854
260,6504.18,3.946e-05,8.79e-05,1.304e-05,0.0015113,0.0008562,8.029e-05,0.033447,0.009641,0.001729,0.002864
261,6504.11,3.955e-05,8.79e-05,1.298e-05,0.0015117,0.0008541,8.022e-05,0.033432,0.009627,0.001727,0.002868
262,6503.38,3.96e-05,8.772e-05,1.3e-05,0.0015112,0.0008548,8.018e-05,0.033401,0.009627,0.001726,0.002858
263,6505.97,3.941e-05,8.759e-05,1.305e-05,0.0015112,0.0008567,8.025e-05,0.033417,0.009627,0.001727,0.002857
264,6508.23,3.942e-05,8.791e-05,1.3e-05,0.0015116,0.0008565,8.04e-05,0.033436,0.009637,0.001728,0.002859
265,6507.93,3.937e-05,8.787e-05,1.305e-05,0.0015108,0.0008567,8.027e-05,0.033443,0.009627,0.001728,0.002856
266,6509.01,3.949e-05,8.75e-05,1.305e-05,0.0015109,0.0008562,8.03e-05,0.033464,0.009633,0.001728,0.002854
267,6507.9,3.956e-05,8.782e-05,1.305e-05,0.001511,0.0008567,8.027e-05,0.033455,0.00964,0.00173,0.002851
268,6514.0,3.961e-05,8.778e-05,1.307e-05,0.0015083,0.0008561,8.025e-05,0.03346,0.009672,0.001732,0.002851
269,6512.51,3.969e-05,8.772e-05,1.309e-05,0.0015106,0.0008584,8.024e-05,0.033495,0.00968,0.001731,0.002854
270,6516.9,3.974e-05,8.752e-05,1.314e-05,0.0015098,0.000858,8.03e-05,0.033531,0.009674,0.00173,0.002854
271,6512.5,3.977e-05,8.752e-05,1.316e-05,0.0015098,0.0008575,8.029e-05,0.033529,0.009685,0.00173,0.002854
272,6512.48,3.989e-05,8.751e-05,1.315e-05,0.0015086,0.0008579,8.04e-05,0.03351,0.009704,0.001731,0.002849
273,6516.05,4e-05,8.7e-05,1.316e-05,0.0015085,0.0008578,8.021e-05,0.03351,0.009658,0.001732,0.002849
274,6516.53,4.001e-05,8.709e-05,1.314e-05,0.0015096,0.0008565,8.034e-05,0.033495,0.009638,0.001729,0.002845
275,6514.01,3.99e-05,8.754e-05,1.315e-05,0.0015096,0.0008576,8.03e-05,0.033494,0.009678,0.001731,0.002845
276,6507.0,3.967e-05,8.75e-05,1.314e-05,0.0015094,0.0008552,8.003e-05,0.033443,0.009646,0.00173,0.002839
277,6507.0,3.986e-05,8.744e-05,1.315e-05,0.001509,0.0008549,8.01e-05,0.033435,0.00963,0.00173,0.002842
278,6509.49,3.997e-05,8.734e-05,1.314e-05,0.0015096,0.0008565,8.016e-05,0.033453,0.009636,0.00173,0.002845
279,6507.59,4.01e-05,8.727e-05,1.312e-05,0.0015094,0.0008559,8.011e-05,0.033442,0.009678,0.001729,0.002846
280,6499.93,4.009e-05,8.709e-05,1.309e-05,0.0015109,0.000855,8.016e-05,0.033439,0.009683,0.001729,0.002842
281,6500.0,4.008e-05,8.716e-05,1.311e-05,0.0015095,0.0008547,8.009e-05,0.033429,0.009641,0.001728,0.002843
282,6504.98,4.009e-05,8.727e-05,1.309e-05,0.0015094,0.0008543,8.01e-05,0.033441,0.009674,0.001729,0.002846
283,6504.6,3.997e-05,8.729e-05,1.309e-05,0.0015087,0.0008552,8.021e-05,0.03345,0.009663,0.001729,0.002843
284,6502.94,3.973e-05,8.727e-05,1.307e-05,0.0015083,0.000855,8.024e-05,0.033439,0.009686,0.001728,0.002842
285,6500.0,3.969e-05,8.723e-05,1.307e-05,0.0015093,0.0008552,8.022e-05,0.033433,0.009677,0.001728,0.002841
286,6502.52,3.968e-05,8.726e-05,1.308e-05,0.0015092,0.0008557,8.023e-05,0.033437,0.009681,0.001728,0.002842
287,6502.34,3.966e-05,8.722e-05,1.307e-05,0.0015086,0.0008563,8.026e-05,0.033439,0.009689,0.001729,0.002843
288,6502.39,3.974e-05,8.728e-05,1.308e-05,0.0015086,0.0008565,8.025e-05,0.033405,0.009713,0.001729,0.002844
289,6502.55,3.982e-05,8.723e-05,1.302e-05,0.0015092,0.0008558,8.024e-05,0.033412,0.009706,0.001727,0.002844
290,6504.01,3.974e-05,8.725e-05,1.303e-05,0.0015091,0.000857,8.022e-05,0.033443,0.009713,0.001727,0.002846
291,6503.22,3.962e-05,8.74e-05,1.305e-05,0.0015085,0.000856,8.024e-05,0.033435,0.009701,0.001729,0.002847
292,6505.95,3.967e-05,8.731e-05,1.303e-05,0.0015083,0.000857,8.019e-05,0.033435,0.009692,0.00173,0.002851
293,6507.0,3.963e-05,8.733e-05,1.303e-05,0.0015083,0.0008592,8.035e-05,0.033475,0.009707,0.00173,0.002852
294,6515.24,3.983e-05,8.749e-05,1.31e-05,0.0015116,0.0008674,8.058e-05,0.033512,0.009738,0.001731,0.002853
295,6518.4,3.986e-05,8.75e-05,1.311e-05,0.0015131,0.0008643,8.043e-05,0.033544,0.009815,0.00173,0.002857
296,6508.8,3.976e-05,8.738e-05,1.309e-05,0.0015124,0.0008646,8.057e-05,0.033511,0.009777,0.00173,0.002856
297,6508.02,3.977e-05,8.738e-05,1.31e-05,0.0015122,0.0008642,8.048e-05,0.033489,0.00974,0.001731,0.002855
298,6506.97,3.98e-05,8.738e-05,1.31e-05,0.001511,0.0008649,8.045e-05,0.033503,0.00973,0.001731,0.002854
299,6508.0,3.98e-05,8.739e-05,1.311e-05,0.0015107,0.0008649,8.047e-05,0.033469,0.009712,0.001731,0.002854
300,6505.92,3.976e-05,8.75e-05,1.308e-05,0.0015088,0.0008656,8.038e-05,0.033481,0.0097,0.00173,0.002853
301,6509.46,3.982e-05,8.744e-05,1.311e-05,0.0015096,0.0008681,8.048e-05,0.0335,0.00968,0.001728,0.002859
302,6510.98,3.978e-05,8.745e-05,1.31e-05,0.0015094,0.0008661,8.042e-05,0.033487,0.009672,0.001728,0.002857
303,6507.17,3.965e-05,8.745e-05,1.31e-05,0.00151,0.0008645,8.039e-05,0.033473,0.009661,0.00173,0.002855
304,6506.01,3.971e-05,8.745e-05,1.31e-05,0.0015129,0.0008659,8.041e-05,0.033468,0.009659,0.001728,0.002855
305,6507.99,3.968e-05,8.742e-05,1.309e-05,0.0015113,0.0008665,8.041e-05,0.033471,0.009668,0.001727,0.002861
306,6507.3,3.962e-05,8.741e-05,1.311e-05,0.0015122,0.000867,8.043e-05,0.033474,0.009677,0.001728,0.002858
307,6507.01,3.954e-05,8.765e-05,1.31e-05,0.0015122,0.0008674,8.048e-05,0.033472,0.009695,0.001729,0.002864
308,6509.93,3.944e-05,8.753e-05,1.31e-05,0.0015131,0.0008664,8.049e-05,0.033477,0.009701,0.001728,0.002861
309,6509.94,3.931e-05,8.755e-05,1.308e-05,0.0015126,0.0008656,8.047e-05,0.033482,0.009669,0.001728,0.002859
310,6507.98,3.962e-05,8.766e-05,1.307e-05,0.0015118,0.0008673,8.054e-05,0.033467,0.009684,0.001726,0.002858
311,6511.0,3.945e-05,8.763e-05,1.305e-05,0.0015117,0.0008674,8.051e-05,0.033469,0.009682,0.001725,0.002859
312,6510.01,3.952e-05,8.766e-05,1.306e-05,0.0015113,0.0008663,8.051e-05,0.033464,0.009697,0.001725,0.002857
313,6510.04,3.946e-05,8.764e-05,1.306e-05,0.0015116,0.0008674,8.051e-05,0.033475,0.009697,0.001727,0.002858
314,6510.01,3.948e-05,8.766e-05,1.306e-05,0.0015104,0.0008686,8.055e-05,0.033503,0.009691,0.001727,0.002861
315,6511.99,3.952e-05,8.766e-05,1.307e-05,0.0015112,0.0008702,8.06e-05,0.033513,0.00971,0.001729,0.002858
316,6508.97,3.956e-05,8.753e-05,1.308e-05,0.0015116,0.0008695,8.06e-05,0.033499,0.009726,0.001729,0.002858
317,6508.93,3.964e-05,8.761e-05,1.308e-05,0.0015114,0.0008679,8.062e-05,0.033495,0.00973,0.001728,0.002854
318,6511.8,3.964e-05,8.763e-05,1.309e-05,0.0015118,0.0008689,8.058e-05,0.033499,0.009721,0.001727,0.002853
319,6511.0,3.964e-05,8.764e-05,1.309e-05,0.0015129,0.0008701,8.056e-05,0.033504,0.009737,0.001727,0.002853
320,6508.13,3.965e-05,8.782e-05,1.307e-05,0.0015119,0.0008684,8.062e-05,0.033519,0.009772,0.001729,0.002854
321,6507.51,3.957e-05,8.767e-05,1.307e-05,0.0015135,0.0008696,8.061e-05,0.033506,0.009759,0.001726,0.002853
322,6506.04,3.96e-05,8.766e-05,1.31e-05,0.001512,0.000869,8.059e-05,0.03351,0.009755,0.001728,0.002852
323,6503.29,3.957e-05,8.765e-05,1.308e-05,0.001512,0.0008681,8.061e-05,0.033504,0.009737,0.001727,0.00285
324,6505.35,3.959e-05,8.757e-05,1.306e-05,0.0015109,0.0008675,8.052e-05,0.033504,0.009737,0.001728,0.002846
325,6501.0,3.965e-05,8.756e-05,1.309e-05,0.001512,0.0008683,8.052e-05,0.033515,0.009727,0.001728,0.002843
326,6503.03,3.958e-05,8.775e-05,1.298e-05,0.0015121,0.0008665,8.05e-05,0.033502,0.009701,0.001727,0.002846
327,6501.94,3.946e-05,8.756e-05,1.298e-05,0.0015123,0.0008657,8.047e-05,0.033471,0.009658,0.001727,0.00284
328,6501.99,3.952e-05,8.767e-05,1.299e-05,0.0015111,0.0008656,8.043e-05,0.033476,0.009673,0.001725,0.002845
329,6502.0,3.963e-05,8.764e-05,1.3e-05,0.0015124,0.0008663,8.042e-05,0.03348,0.009689,0.001728,0.002845
330,6507.17,3.961e-05,8.77e-05,1.301e-05,0.0015118,0.0008677,8.049e-05,0.033532,0.00971,0.001731,0.002847
331,6503.88,3.97e-05,8.757e-05,1.301e-05,0.0015124,0.0008674,8.046e-05,0.033482,0.009711,0.001728,0.002843
332,6502.0,3.97e-05,8.773e-05,1.299e-05,0.0015125,0.0008657,8.05e-05,0.033541,0.0097,0.001729,0.002842
333,6503.0,3.971e-05,8.775e-05,1.299e-05,0.0015124,0.0008656,8.045e-05,0.033526,0.009677,0.001729,0.002846
334,6502.03,3.973e-05,8.759e-05,1.3e-05,0.0015113,0.0008654,8.05e-05,0.033501,0.009697,0.001729,0.002846
335,6499.8,3.98e-05,8.77e-05,1.3e-05,0.0015106,0.0008658,8.05e-05,0.033501,0.009706,0.001729,0.002846
336,6500.07,3.984e-05,8.753e-05,1.301e-05,0.0015122,0.0008656,8.05e-05,0.033527,0.009687,0.00173,0.002846
337,6499.05,3.991e-05,8.771e-05,1.301e-05,0.0015122,0.0008654,8.057e-05,0.033538,0.009698,0.001728,0.002849
338,6502.16,3.99e-05,8.771e-05,1.3e-05,0.0015111,0.0008659,8.062e-05,0.033539,0.009688,0.001729,0.002849
339,6507.0,3.995e-05,8.77e-05,1.301e-05,0.0015112,0.0008658,8.057e-05,0.033532,0.009695,0.00173,0.002848
340,6508.98,4.01e-05,8.77e-05,1.301e-05,0.0015119,0.0008659,8.059e-05,0.033538,0.009695,0.00173,0.002847
341,6501.99,4.005e-05,8.751e-05,1.301e-05,0.001512,0.0008643,8.056e-05,0.033534,0.009686,0.001728,0.002848
342,6503.03,3.994e-05,8.76e-05,1.299e-05,0.0015114,0.0008646,8.061e-05,0.033518,0.009674,0.001727,0.002843
343,6500.0,3.994e-05,8.73e-05,1.3e-05,0.0015113,0.0008639,8.049e-05,0.033547,0.00967,0.001727,0.002834
344,6503.01,3.997e-05,8.737e-05,1.302e-05,0.0015113,0.000863,8.051e-05,0.033517,0.009666,0.001725,0.00284
345,6503.01,4.01e-05,8.736e-05,1.301e-05,0.00151,0.0008602,8.054e-05,0.033519,0.009668,0.001728,0.002845
346,6502.55,3.994e-05,8.737e-05,1.302e-05,0.0015091,0.0008607,8.053e-05,0.03351,0.009662,0.001728,0.002843
347,6501.5,3.996e-05,8.718e-05,1.299e-05,0.0015087,0.0008605,8.052e-05,0.033516,0.009608,0.001728,0.002842
348,6502.83,4.003e-05,8.75e-05,1.295e-05,0.0015092,0.0008595,8.044e-05,0.033506,0.009611,0.001729,0.002842
349,6503.99,3.998e-05,8.774e-05,1.297e-05,0.001511,0.0008587,8.025e-05,0.033501,0.009633,0.001728,0.002842
350,6505.0,3.995e-05,8.752e-05,1.299e-05,0.0015101,0.0008599,8.035e-05,0.033491,0.009653,0.001726,0.002839
351,6505.01,3.992e-05,8.75e-05,1.297e-05,0.0015106,0.0008598,8.045e-05,0.033499,0.009658,0.001726,0.002839
352,6505.0,4e-05,8.765e-05,1.297e-05,0.0015104,0.0008597,8.048e-05,0.033499,0.009653,0.001725,0.002838
353,6505.97,4e-05,8.744e-05,1.296e-05,0.0015106,0.0008595,8.025e-05,0.033496,0.00966,0.001727,0.002839
354,6501.71,4.004e-05,8.744e-05,1.295e-05,0.0015104,0.00086,8.02e-05,0.033502,0.009659,0.001727,0.002839
355,6509.12,4.015e-05,8.77e-05,1.298e-05,0.0015104,0.000862,8.058e-05,0.03351,0.009663,0.001728,0.002845
356,6507.54,4.026e-05,8.747e-05,1.298e-05,0.0015112,0.0008622,8.047e-05,0.033546,0.009697,0.001726,0.002845
357,6509.05,4.021e-05,8.773e-05,1.297e-05,0.0015113,0.0008622,8.048e-05,0.033547,0.009705,0.001728,0.002846
358,6508.76,4.036e-05,8.773e-05,1.299e-05,0.0015112,0.0008623,8.036e-05,0.033554,0.009715,0.001728,0.002846
359,6509.92,4.042e-05,8.795e-05,1.295e-05,0.0015111,0.0008616,8.04e-05,0.033593,0.0097,0.001729,0.002847
360,6512.98,4.046e-05,8.807e-05,1.299e-05,0.0015107,0.000863,8.042e-05,0.033564,0.009736,0.001727,0.002847
361,6517.76,4.035e-05,8.79e-05,1.298e-05,0.0015116,0.0008657,8.041e-05,0.033562,0.009735,0.00173,0.002844
362,6518.07,4.035e-05,8.826e-05,1.305e-05,0.0015115,0.0008645,8.044e-05,0.033632,0.009718,0.001728,0.00285
363,6515.93,4.024e-05,8.827e-05,1.303e-05,0.0015116,0.0008652,8.042e-05,0.033598,0.009716,0.001729,0.002851
364,6512.58,4.021e-05,8.786e-05,1.304e-05,0.0015112,0.0008617,8.02e-05,0.033554,0.009695,0.001727,0.002849
365,6509.22,4.031e-05,8.762e-05,1.303e-05,0.0015104,0.0008619,8.036e-05,0.033576,0.009694,0.001728,0.002848
366,6509.22,4.036e-05,8.8e-05,1.305e-05,0.0015114,0.0008623,8.034e-05,0.033586,0.009699,0.001727,0.002853
367,6519.9,4.051e-05,8.818e-05,1.304e-05,0.0015115,0.0008614,8.031e-05,0.033601,0.009709,0.001728,0.002856
368,6515.7,4.065e-05,8.795e-05,1.304e-05,0.0015111,0.0008629,8.03e-05,0.033589,0.009713,0.001727,0.002855
369,6518.49,4.066e-05,8.797e-05,1.304e-05,0.0015115,0.000863,8.038e-05,0.033609,0.009706,0.001728,0.002855
370,6514.0,4.066e-05,8.808e-05,1.305e-05,0.0015116,0.0008615,8.034e-05,0.0336,0.009686,0.001726,0.002852
371,6510.35,4.058e-05,8.81e-05,1.303e-05,0.0015116,0.0008621,8.038e-05,0.033602,0.009699,0.001725,0.00285
372,6513.96,4.052e-05,8.786e-05,1.304e-05,0.0015116,0.0008618,8.04e-05,0.033602,0.0097,0.001724,0.002856
373,6509.85,4.059e-05,8.791e-05,1.304e-05,0.0015112,0.000862,8.043e-05,0.033592,0.009688,0.001726,0.002854
374,6511.06,4.058e-05,8.809e-05,1.304e-05,0.0015125,0.0008618,8.045e-05,0.033609,0.009688,0.001726,0.002861
375,6508.84,4.029e-05,8.795e-05,1.303e-05,0.0015127,0.0008608,8.043e-05,0.033603,0.009714,0.001728,0.002858
376,6512.45,4.03e-05,8.799e-05,1.303e-05,0.0015126,0.0008615,8.048e-05,0.033616,0.009711,0.001727,0.002859
377,6517.9,4.018e-05,8.817e-05,1.305e-05,0.001513,0.0008655,8.048e-05,0.033626,0.009737,0.001728,0.002866
378,6512.48,4.019e-05,8.817e-05,1.305e-05,0.001513,0.000864,8.054e-05,0.033634,0.009734,0.001729,0.002864
379,6513.81,4.025e-05,8.83e-05,1.309e-05,0.001513,0.0008634,8.052e-05,0.033631,0.009717,0.00173,0.002864
380,6515.01,4.014e-05,8.837e-05,1.309e-05,0.0015132,0.0008638,8.06e-05,0.033647,0.009736,0.001728,0.002862
381,6519.99,4.021e-05,8.846e-05,1.311e-05,0.0015132,0.0008641,8.06e-05,0.033656,0.009745,0.00173,0.002864
382,6517.51,4.023e-05,8.849e-05,1.312e-05,0.0015113,0.0008642,8.08e-05,0.033668,0.009738,0.00173,0.002862
383,6520.01,4.025e-05,8.829e-05,1.313e-05,0.0015129,0.0008648,8.12e-05,0.033651,0.009736,0.001729,0.002864
384,6518.14,4.018e-05,8.83e-05,1.312e-05,0.0015124,0.0008649,8.144e-05,0.033651,0.009746,0.001729,0.002861
385,6526.93,3.992e-05,8.843e-05,1.312e-05,0.0015121,0.0008646,8.205e-05,0.033653,0.009745,0.00173,0.002861
386,6524.38,4.007e-05,8.86e-05,1.312e-05,0.0015112,0.000865,8.173e-05,0.033662,0.00975,0.001728,0.00286
387,6523.02,3.995e-05,8.848e-05,1.311e-05,0.0015119,0.0008649,8.174e-05,0.03363,0.009753,0.001727,0.002858
388,6526.44,4.003e-05,8.852e-05,1.312e-05,0.001512,0.0008655,8.169e-05,0.033628,0.009738,0.001727,0.002858
389,6526.0,4.014e-05,8.848e-05,1.313e-05,0.0015116,0.0008647,8.207e-05,0.033646,0.00975,0.001728,0.002857
390,6530.0,4.013e-05,8.848e-05,1.312e-05,0.0015115,0.0008643,8.208e-05,0.033632,0.009747,0.001726,0.002858
391,6528.67,4.006e-05,8.859e-05,1.313e-05,0.0015112,0.0008653,8.218e-05,0.033646,0.009771,0.00173,0.002858
392,6529.84,4.001e-05,8.828e-05,1.311e-05,0.0015099,0.0008647,8.281e-05,0.033625,0.009769,0.001729,0.002861
393,6534.0,4.002e-05,8.876e-05,1.31e-05,0.0015079,0.0008653,8.279e-05,0.033637,0.009787,0.001727,0.002862
394,6531.98,3.999e-05,8.869e-05,1.311e-05,0.0015079,0.0008648,8.247e-05,0.033627,0.00977,0.00173,0.002861
395,6533.16,3.998e-05,8.881e-05,1.313e-05,0.0015075,0.0008662,8.264e-05,0.03365,0.009777,0.00173,0.002869
396,6533.01,4.003e-05,8.898e-05,1.313e-05,0.0015074,0.0008638,8.208e-05,0.033655,0.009788,0.00173,0.002873
397,6526.37,3.992e-05,8.841e-05,1.307e-05,0.0015075,0.0008625,8.2e-05,0.033597,0.009753,0.00173,0.002866
398,6528.58,3.996e-05,8.848e-05,1.31e-05,0.0015086,0.0008641,8.226e-05,0.033624,0.009743,0.00173,0.002866
399,6524.28,3.996e-05,8.84e-05,1.313e-05,0.0015085,0.0008639,8.227e-05,0.033608,0.00978,0.001728,0.002868
400,6526.35,4e-05,8.837e-05,1.312e-05,0.0015088,0.0008638,8.212e-05,0.033579,0.009747,0.001727,0.002866
401,6520.47,4.004e-05,8.801e-05,1.312e-05,0.0015073,0.0008623,8.2e-05,0.033546,0.009724,0.001729,0.002859
402,6519.0,4.002e-05,8.768e-05,1.306e-05,0.0015076,0.0008611,8.18e-05,0.033575,0.009717,0.001727,0.002861
403,6519.05,4.01e-05,8.743e-05,1.305e-05,0.0015071,0.0008615,8.2e-05,0.033592,0.009732,0.001728,0.002863
404,6526.81,4.016e-05,8.812e-05,1.309e-05,0.001509,0.0008628,8.22e-05,0.033629,0.009729,0.00173,0.002873
405,6525.52,4.017e-05,8.793e-05,1.312e-05,0.0015092,0.0008628,8.22e-05,0.033624,0.009765,0.00173,0.002869
406,6523.25,4.013e-05,8.795e-05,1.311e-05,0.0015092,0.0008628,8.216e-05,0.0336,0.009724,0.00173,0.002874
407,6523.69,4.02e-05,8.774e-05,1.31e-05,0.0015092,0.0008622,8.233e-05,0.033592,0.009743,0.00173,0.00287
408,6520.06,4e-05,8.794e-05,1.306e-05,0.001509,0.000861,8.231e-05,0.03353,0.009713,0.001729,0.002868
409,6518.99,3.995e-05,8.778e-05,1.307e-05,0.001509,0.0008627,8.225e-05,0.033557,0.009746,0.00173,0.002867
410,6522.04,3.999e-05,8.771e-05,1.31e-05,0.0015082,0.000862,8.189e-05,0.033576,0.009739,0.00173,0.002872
411,6518.08,4.006e-05,8.779e-05,1.309e-05,0.0015092,0.000862,8.183e-05,0.033572,0.009744,0.001729,0.002867
412,6520.29,4.001e-05,8.78e-05,1.31e-05,0.0015078,0.000862,8.18e-05,0.033573,0.00975,0.001726,0.002863
413,6520.02,4.006e-05,8.789e-05,1.31e-05,0.0015066,0.0008623,8.177e-05,0.033585,0.009751,0.001729,0.002868
414,6525.01,4.007e-05,8.786e-05,1.311e-05,0.0015073,0.0008625,8.196e-05,0.033595,0.009748,0.00173,0.002868
415,6523.86,4.007e-05,8.785e-05,1.312e-05,0.0015075,0.0008625,8.195e-05,0.033589,0.009749,0.00173,0.00287
416,6522.06,4.008e-05,8.785e-05,1.312e-05,0.0015085,0.000862,8.208e-05,0.033596,0.009761,0.00173,0.002874
417,6524.01,4.009e-05,8.786e-05,1.312e-05,0.0015089,0.0008627,8.209e-05,0.033582,0.009763,0.001731,0.00287
418,6525.42,4.006e-05,8.786e-05,1.311e-05,0.0015075,0.0008625,8.215e-05,0.03354,0.009768,0.001731,0.002869
419,6524.67,4.007e-05,8.789e-05,1.311e-05,0.0015082,0.0008627,8.215e-05,0.033592,0.009765,0.001729,0.002871
420,6525.46,4.004e-05,8.772e-05,1.309e-05,0.0015094,0.0008623,8.206e-05,0.033577,0.009765,0.001727,0.00287
421,6528.8,4.001e-05,8.789e-05,1.31e-05,0.0015093,0.0008621,8.199e-05,0.033545,0.009757,0.001728,0.002869
422,6527.78,3.996e-05,8.788e-05,1.308e-05,0.0015086,0.0008616,8.13e-05,0.03352,0.009727,0.001727,0.002869
423,6519.46,3.99e-05,8.789e-05,1.308e-05,0.001508,0.0008606,8.156e-05,0.033489,0.009745,0.001726,0.002867
424,6520.01,3.988e-05,8.771e-05,1.307e-05,0.0015072,0.0008611,8.167e-05,0.03346,0.009744,0.001726,0.002865
425,6523.23,3.985e-05,8.772e-05,1.307e-05,0.0015079,0.0008609,8.161e-05,0.033498,0.009747,0.001725,0.002858
426,6524.05,3.988e-05,8.788e-05,1.308e-05,0.0015079,0.0008611,8.151e-05,0.033487,0.009764,0.001724,0.002866
427,6522.15,3.986e-05,8.787e-05,1.307e-05,0.0015079,0.0008606,8.154e-05,0.033504,0.009759,0.001726,0.002864
428,6521.18,3.987e-05,8.788e-05,1.308e-05,0.0015079,0.0008607,8.155e-05,0.033495,0.009751,0.001726,0.002866
429,6522.05,3.996e-05,8.784e-05,1.308e-05,0.0015075,0.000861,8.163e-05,0.033499,0.009754,0.001726,0.002865
430,6523.13,3.997e-05,8.789e-05,1.308e-05,0.0015075,0.0008609,8.159e-05,0.033511,0.009751,0.001726,0.002866
431,6526.81,3.997e-05,8.797e-05,1.307e-05,0.0015069,0.0008609,8.158e-05,0.033494,0.009755,0.001725,0.002867
432,6525.24,3.991e-05,8.801e-05,1.306e-05,0.0015073,0.0008609,8.157e-05,0.033508,0.009751,0.001725,0.002867
433,6526.98,3.985e-05,8.786e-05,1.306e-05,0.0015071,0.0008609,8.161e-05,0.033483,0.00975,0.001723,0.002866
434,6529.83,3.96e-05,8.798e-05,1.306e-05,0.0015064,0.0008607,8.184e-05,0.033496,0.009729,0.001725,0.002874
435,6528.75,3.959e-05,8.794e-05,1.307e-05,0.0015067,0.0008609,8.195e-05,0.033509,0.009708,0.001726,0.002874
436,6528.05,3.962e-05,8.81e-05,1.308e-05,0.0015074,0.000861,8.191e-05,0.0335,0.009722,0.001725,0.002876
437,6529.01,3.97e-05,8.809e-05,1.308e-05,0.0015074,0.0008611,8.187e-05,0.033499,0.009725,0.001726,0.002878
438,6529.07,3.973e-05,8.809e-05,1.308e-05,0.0015068,0.000862,8.189e-05,0.033512,0.009702,0.001724,0.002877
439,6529.05,3.976e-05,8.875e-05,1.308e-05,0.0015067,0.0008618,8.186e-05,0.033511,0.009719,0.001724,0.002878
440,6529.0,3.969e-05,8.875e-05,1.308e-05,0.0015068,0.0008623,8.19e-05,0.033511,0.009723,0.001726,0.002878
441,6528.37,3.972e-05,8.849e-05,1.308e-05,0.0015071,0.0008615,8.187e-05,0.033498,0.009706,0.001724,0.002876
442,6528.69,3.972e-05,8.831e-05,1.309e-05,0.0015072,0.0008611,8.19e-05,0.033531,0.009723,0.001726,0.002875
443,6530.01,3.97e-05,8.872e-05,1.308e-05,0.0015077,0.0008615,8.194e-05,0.033517,0.009711,0.001726,0.00287
444,6528.02,3.966e-05,8.848e-05,1.308e-05,0.0015076,0.0008615,8.208e-05,0.033507,0.00972,0.001726,0.002873
445,6530.99,3.969e-05,8.871e-05,1.307e-05,0.0015076,0.0008612,8.201e-05,0.033517,0.009706,0.001724,0.00287
446,6523.12,3.96e-05,8.856e-05,1.304e-05,0.0015069,0.0008608,8.181e-05,0.033467,0.009693,0.001726,0.002864
447,6525.49,3.964e-05,8.824e-05,1.303e-05,0.0015058,0.0008587,8.16e-05,0.03346,0.009676,0.001726,0.00286
448,6524.02,3.958e-05,8.854e-05,1.303e-05,0.0015053,0.0008589,8.171e-05,0.033431,0.00967,0.001725,0.002861
449,6521.21,3.938e-05,8.82e-05,1.302e-05,0.0015056,0.0008542,8.158e-05,0.033438,0.009668,0.001725,0.002862
450,6520.23,3.941e-05,8.82e-05,1.302e-05,0.0015052,0.0008537,8.167e-05,0.033431,0.00967,0.001724,0.002862
451,6517.17,3.939e-05,8.806e-05,1.298e-05,0.0015031,0.0008533,8.156e-05,0.03336,0.00965,0.001723,0.002855
452,6510.77,3.938e-05,8.802e-05,1.294e-05,0.0015049,0.0008547,8.12e-05,0.033409,0.009665,0.001725,0.002858
453,6521.59,3.951e-05,8.829e-05,1.304e-05,0.0015063,0.0008556,8.165e-05,0.033433,0.00964,0.001726,0.002865
454,6520.36,3.947e-05,8.842e-05,1.302e-05,0.0015059,0.0008571,8.154e-05,0.033438,0.009654,0.001727,0.00286
455,6521.58,3.943e-05,8.842e-05,1.304e-05,0.001506,0.0008551,8.158e-05,0.033408,0.009663,0.001727,0.00287
456,6522.26,3.945e-05,8.837e-05,1.306e-05,0.0015063,0.0008576,8.165e-05,0.033428,0.00964,0.001727,0.002863
457,6524.08,3.953e-05,8.811e-05,1.304e-05,0.0015063,0.0008576,8.159e-05,0.033447,0.009654,0.001726,0.002863
458,6522.65,3.957e-05,8.8e-05,1.306e-05,0.0015064,0.0008572,8.16e-05,0.033449,0.009654,0.001727,0.002863
459,6516.19,3.958e-05,8.784e-05,1.307e-05,0.0015073,0.0008563,8.154e-05,0.033407,0.009658,0.001728,0.002859
460,6523.0,3.961e-05,8.805e-05,1.307e-05,0.0015074,0.0008581,8.157e-05,0.033428,0.00965,0.001727,0.002865
461,6526.88,3.957e-05,8.792e-05,1.308e-05,0.0015073,0.0008588,8.159e-05,0.033447,0.009658,0.001729,0.00286
462,6524.99,3.954e-05,8.792e-05,1.306e-05,0.0015061,0.0008582,8.172e-05,0.033485,0.009656,0.001727,0.00286
463,6525.01,3.954e-05,8.797e-05,1.306e-05,0.0015076,0.0008579,8.176e-05,0.033518,0.009654,0.001727,0.002863
464,6529.0,3.958e-05,8.797e-05,1.307e-05,0.0015075,0.0008593,8.172e-05,0.033506,0.009647,0.001729,0.002866
465,6528.75,3.959e-05,8.801e-05,1.306e-05,0.0015077,0.0008587,8.175e-05,0.033503,0.009669,0.001729,0.002864
466,6528.89,3.96e-05,8.795e-05,1.306e-05,0.0015077,0.0008577,8.173e-05,0.033501,0.009658,0.001728,0.002862
467,6528.18,3.965e-05,8.801e-05,1.306e-05,0.0015064,0.0008574,8.171e-05,0.033526,0.009655,0.001731,0.002864
468,6528.03,3.945e-05,8.8e-05,1.306e-05,0.0015076,0.0008567,8.148e-05,0.033498,0.00965,0.001729,0.002866
469,6528.14,3.957e-05,8.787e-05,1.305e-05,0.0015076,0.0008575,8.167e-05,0.0335,0.009649,0.001731,0.002864
470,6529.97,3.956e-05,8.782e-05,1.304e-05,0.0015073,0.000856,8.169e-05,0.033498,0.009662,0.001731,0.002866
471,6528.0,3.954e-05,8.782e-05,1.305e-05,0.0015073,0.0008565,8.161e-05,0.033499,0.00971,0.001729,0.002863
472,6534.0,3.943e-05,8.784e-05,1.305e-05,0.0015077,0.0008589,8.171e-05,0.033532,0.009711,0.001731,0.002869
473,6534.97,3.934e-05,8.784e-05,1.304e-05,0.0015077,0.0008585,8.172e-05,0.033549,0.009709,0.001729,0.002869
474,6534.91,3.933e-05,8.765e-05,1.305e-05,0.0015076,0.0008595,8.174e-05,0.033551,0.009713,0.001729,0.002867
475,6533.79,3.94e-05,8.77e-05,1.304e-05,0.0015065,0.0008574,8.17e-05,0.033534,0.009711,0.00173,0.002868
476,6531.07,3.946e-05,8.77e-05,1.303e-05,0.0015065,0.0008575,8.17e-05,0.033557,0.00973,0.001728,0.002867
477,6543.31,3.952e-05,8.767e-05,1.304e-05,0.0015077,0.0008604,8.179e-05,0.033588,0.009714,0.00173,0.002872
478,6549.99,3.96e-05,8.804e-05,1.307e-05,0.0015074,0.0008613,8.201e-05,0.033617,0.009757,0.001729,0.002875
479,6552.05,3.958e-05,8.837e-05,1.308e-05,0.0015074,0.0008622,8.2e-05,0.033629,0.009741,0.001731,0.002877
480,6553.0,3.952e-05,8.823e-05,1.307e-05,0.0015058,0.0008607,8.196e-05,0.033613,0.00973,0.001728,0.002876
481,6551.16,3.947e-05,8.82e-05,1.306e-05,0.0015071,0.0008618,8.196e-05,0.033611,0.009727,0.001728,0.002878
482,6601.0,3.964e-05,8.825e-05,1.31e-05,0.0015074,0.000871,8.203e-05,0.033732,0.009787,0.00173,0.002878
483,6619.94,3.961e-05,8.845e-05,1.31e-05,0.0015052,0.0008794,8.24e-05,0.03379,0.00981,0.001725,0.002885
484,6659.3,3.965e-05,8.823e-05,1.309e-05,0.0015031,0.0008757,8.23e-05,0.033881,0.009784,0.001726,0.00288
485,6660.73,3.969e-05,8.832e-05,1.31e-05,0.001507,0.0008841,8.219e-05,0.034242,0.00977,0.001725,0.002886
486,6624.58,3.96e-05,8.821e-05,1.309e-05,0.0015034,0.0008783,8.188e-05,0.03408,0.009724,0.001719,0.002873
487,6659.0,3.962e-05,8.86e-05,1.315e-05,0.0015065,0.0008814,8.228e-05,0.034276,0.009785,0.001724,0.002868
488,6657.99,3.957e-05,8.872e-05,1.319e-05,0.0015057,0.0008801,8.199e-05,0.034279,0.009771,0.001726,0.002867
489,6655.8,3.957e-05,8.867e-05,1.316e-05,0.001506,0.0008802,8.221e-05,0.034226,0.009743,0.001724,0.00287
490,6656.99,3.959e-05,8.851e-05,1.316e-05,0.0015061,0.0008813,8.216e-05,0.03425,0.009775,0.001725,0.00287
491,6650.0,3.95e-05,8.832e-05,1.315e-05,0.0015069,0.0008794,8.208e-05,0.034199,0.009737,0.001723,0.002864
492,6652.48,3.94e-05,8.83e-05,1.315e-05,0.0015045,0.0008804,8.195e-05,0.034174,0.009727,0.001723,0.00286
493,6669.36,3.954e-05,8.847e-05,1.317e-05,0.001506,0.0008824,8.194e-05,0.034297,0.009747,0.001722,0.002863
494,6674.21,3.948e-05,8.81e-05,1.319e-05,0.0015054,0.0008877,8.198e-05,0.0344,0.009733,0.001722,0.002867
495,6702.03,3.955e-05,8.858e-05,1.32e-05,0.0015016,0.0008865,8.216e-05,0.034533,0.009771,0.00172,0.00287
496,6739.99,3.937e-05,8.882e-05,1.32e-05,0.0015043,0.000882,8.2e-05,0.034679,0.009731,0.001717,0.00287
497,6696.12,3.926e-05,8.914e-05,1.311e-05,0.0014993,0.0008773,8.18e-05,0.034402,0.009678,0.001713,0.00285
498,6710.07,3.936e-05,8.9e-05,1.318e-05,0.0015051,0.0008822,8.209e-05,0.034529,0.009714,0.00171,0.002853
499,6714.74,3.933e-05,8.888e-05,1.318e-05,0.0015028,0.0008824,8.204e-05,0.03448,0.009678,0.001712,0.002855
