,Open,High,Low,Close,Volume,date,30 Day MA,30 Day STD,Upper Band,Lower Band,up_cross,down_cross,EMA - 15,aaron down,aaron up,tenkansen,kijunsen,momentun,target
25,5595.0,5596.0,5037.95,5512.06,2317.804373,2017-10-18,4873.659000000001,614.2668462475798,6102.19269249516,3645.1253075048407,0,0,5334.7228162856,4.0,84.0,5326.525,4765.005,1303.4700000000003,0
26,5513.0,5710.0,5490.26,5683.9,1881.722107,2017-10-19,4949.1195,616.5779279511872,6182.275355902374,3715.9636440976255,0,0,5407.134989387308,8.0,80.0,5345.71,4765.005,1391.4699999999993,1
27,5683.31,6110.0,5600.0,6010.01,1972.97722,2017-10-20,5030.6945,644.4092489492346,6319.512997898469,3741.8760021015305,0,0,5515.983077832369,4.0,100.0,5720.005,4946.18,1641.0100000000002,1
28,6013.72,6171.0,5850.03,6024.97,1664.307693,2017-10-21,5113.019,661.6429261347934,6436.304852269587,3789.7331477304133,0,0,5611.893907213777,8.0,100.0,5768.515,4953.66,1601.9700000000003,1
29,6003.27,6060.0,5720.03,5950.02,1362.092216,2017-10-22,5191.52,663.2321793983423,6517.984358796685,3865.0556412033156,0,0,5683.932915577361,4.0,96.0,5768.515,5099.735000000001,1310.0200000000004,1
30,5975.0,6080.0,5621.03,5915.93,1812.557715,2017-10-23,5271.816500000001,647.9280065373991,6567.672513074799,3975.9604869252025,0,0,5737.810141957591,4.0,92.0,5768.515,5099.735000000001,1128.9800000000005,1
31,5909.47,5925.0,5450.0,5477.03,2580.418767,2017-10-24,5335.238500000001,598.5780659659424,6532.394631931886,4138.082368068117,0,0,5718.667537788224,20.0,88.0,5751.0,5099.83,693.9699999999993,0
32,5506.92,5704.96,5286.98,5689.99,2282.813205,2017-10-25,5405.116500000001,550.0410837026552,6505.198667405311,4305.034332594691,0,0,5732.7658167693035,16.0,84.0,5751.0,5116.780000000001,868.5599999999995,0
33,5670.1,5939.99,5650.0,5861.77,1972.965882,2017-10-26,5479.755000000001,501.1531746776388,6482.061349355278,4477.448650644724,0,0,5769.175487582019,12.0,80.0,5751.0,5116.780000000001,431.77000000000044,0
34,5861.77,5980.0,5649.24,5768.83,1403.706416,2017-10-27,5547.046500000001,438.1904111141309,6423.427322228263,4670.66567777174,0,0,5775.738678238038,8.0,76.0,5751.0,5116.780000000001,118.85000000000036,0
35,5768.79,5850.02,5630.03,5719.64,1276.754412,2017-10-28,5601.028500000001,383.67886298001144,6368.386225960025,4833.670774039978,0,0,5770.084547260243,4.0,72.0,5751.0,5116.780000000001,-150.34999999999945,0
36,5709.98,6189.88,5648.01,6169.98,1804.778173,2017-10-29,5670.180000000001,352.6085748576754,6375.3971497153525,4964.96285028465,0,0,5825.920568122746,4.0,100.0,5823.504999999999,5189.285,459.9899999999998,0
37,6133.01,6248.68,6030.0,6120.5,1473.687043,2017-10-30,5737.0520000000015,298.1250403967808,6333.302080793563,5140.80191920644,0,0,5870.7469626937245,4.0,96.0,5823.504999999999,5231.205,360.47999999999956,0
38,6120.52,6498.01,6100.0,6463.0,1511.774925,2017-10-31,5819.130500000001,255.73336269340592,6330.597225386813,5307.663774613189,1,0,5958.485025154926,4.0,100.0,5970.014999999999,5416.0,868.0,0
39,6463.0,6774.67,6338.02,6753.98,1675.615188,2017-11-01,5885.329500000001,314.34697496263817,6514.023449925277,5256.635550074724,1,0,6080.519241862659,4.0,100.0,6115.504999999999,5588.49,1241.9199999999992,0
40,6753.98,7300.0,6685.1,7019.98,2503.610803,2017-11-02,5953.829500000001,398.3957145916654,6750.620929183331,5157.03807081667,1,0,6227.352678964796,8.0,100.0,6354.985,5829.99,1336.08,0
41,7010.31,7346.34,6923.0,7115.04,1891.497592,2017-11-03,6016.082,474.5932913181711,6965.268582636342,5066.895417363658,1,0,6366.2174096144245,4.0,100.0,6417.34,5949.05,1105.0299999999997,0
42,7115.02,7480.99,6901.0,7357.09,1399.191767,2017-11-04,6098.437,554.8115030407356,7208.060006081471,4988.8139939185285,1,0,6516.341329487073,4.0,100.0,6538.365,6070.075000000001,1332.12,1
43,7357.27,7590.25,7279.02,7345.01,1207.83233,2017-11-05,6177.686499999999,613.9736316837226,7405.633763367444,4949.739236632554,0,0,6645.662543888917,4.0,96.0,6538.365,6089.26,1394.9899999999998,1
44,7345.1,7401.0,6906.0,6960.12,1763.019261,2017-11-06,6245.942499999999,621.6196917211772,7489.181883442354,5002.7031165576445,0,0,6704.664265959671,48.0,92.0,6738.795,6393.545,1044.1899999999996,1
45,6981.72,7198.49,6901.0,7064.04,1440.259494,2017-11-07,6323.541499999999,622.0542234469301,7567.64994689386,5079.433053106139,0,0,6771.971638500958,44.0,88.0,6738.795,6417.0599999999995,1587.0100000000002,1
46,7070.0,7770.02,6651.0,7303.0,2822.298802,2017-11-08,6404.496499999999,639.5393550071022,7683.575210014204,5125.417789985795,0,0,6873.952242204959,40.0,84.0,6910.045,6417.0599999999995,1613.0100000000002,1
47,7303.01,7392.0,7015.0,7079.99,1913.398308,2017-11-09,6457.995499999999,649.4787446501805,7756.95298930036,5159.038010699638,0,0,6926.808645603273,36.0,80.0,7055.535,6417.0599999999995,1218.2199999999993,1
48,7079.0,7279.91,6255.01,6506.98,3254.704105,2017-11-10,6482.096,641.4581198488378,7765.012239697675,5199.179760302324,0,0,6886.910120531111,32.0,76.0,6932.035,6417.0599999999995,738.1499999999996,0
49,6503.0,6797.98,6100.0,6245.05,2754.156861,2017-11-11,6496.847499999998,631.8992121572918,7760.645924314582,5233.049075685414,0,0,6815.9627592770985,28.000000000000004,72.0,6801.07,6417.0599999999995,525.4099999999999,0
50,6245.05,6630.0,5325.01,5811.03,4968.483069,2017-11-12,6491.602499999999,637.3863561523863,7766.375212304772,5216.8297876952265,0,0,6692.128051324986,24.0,68.0,6584.0599999999995,6417.0599999999995,-358.9499999999998,0
51,5839.94,6697.47,5699.99,6465.99,2621.243039,2017-11-13,6541.050499999999,591.2236428528245,7723.497785705648,5358.60321429435,0,0,6669.632283675062,20.0,64.0,6578.02,6417.0599999999995,345.4899999999998,0
52,6465.99,6684.98,6311.07,6574.99,1254.292531,2017-11-14,6585.300499999999,556.2586101755909,7697.817720351181,5472.783279648817,0,0,6666.66346887249,16.0,60.0,6557.014999999999,6417.0599999999995,111.98999999999978,0
53,6575.99,7298.0,6575.99,7240.06,1779.605845,2017-11-15,6654.214999999999,547.2071982588701,7748.629396517739,5559.800603482259,0,0,6753.488851317869,12.0,56.00000000000001,6557.014999999999,6417.0599999999995,486.08000000000084,0
54,7240.14,7940.0,7076.0,7864.5,2331.95675,2017-11-16,6758.9985,568.9588915061917,7896.916283012383,5621.080716987616,0,0,6914.017735373337,8.0,100.0,6837.764999999999,6670.764999999999,844.5200000000004,0
55,7876.98,7989.0,7451.0,7699.19,3982.395925,2017-11-17,6857.976,550.5180927893545,7959.012185578708,5756.939814421291,0,0,7025.407242961149,4.0,96.0,6837.764999999999,6670.764999999999,584.1499999999996,0
56,7680.01,7819.99,7422.0,7761.94,3954.266477,2017-11-18,6937.573999999999,560.7996557773616,8059.173311554722,5815.974688445275,0,0,7130.086844187169,4.0,92.0,6837.764999999999,6670.764999999999,404.84999999999945,0
57,7761.94,8123.15,7650.33,8038.0,3867.340444,2017-11-19,7033.448999999999,577.4224018032365,8188.293803606472,5878.604196393526,0,0,7256.852109117313,12.0,100.0,6924.514999999999,6863.995,692.9899999999998,0
58,8057.11,8319.99,7954.0,8212.0,3886.634348,2017-11-20,7120.898999999999,617.5305796809263,8355.960159361852,5885.837840638147,0,0,7393.149831972949,8.0,100.0,7011.514999999999,6965.82,1251.88,0
59,8212.49,8400.0,7801.0,8119.51,4544.474016,2017-11-21,7189.175499999999,649.4895602132965,8488.154620426592,5890.196379573406,0,0,7506.550191850234,4.0,96.0,7338.995,6965.82,1055.4700000000003,0
60,8091.09,8322.68,8091.09,8205.92,3545.00571,2017-11-22,7248.472499999999,686.3218772472337,8621.116254494467,5875.8287455055315,0,0,7616.235353519022,60.0,92.0,7393.495,6965.82,902.9200000000001,0
61,8233.03,8260.0,8000.0,8019.99,4093.952687,2017-11-23,7293.719999999998,706.5931964530181,8706.906392906034,5880.533607093962,0,0,7680.684278701358,56.00000000000001,88.0,7726.030000000001,7011.514999999999,940.0,0
62,8019.97,8369.0,7850.0,8138.0,4411.789112,2017-11-24,7332.765499999999,731.4192008581377,8795.603901716275,5869.927098283723,0,0,7758.477414614668,52.0,84.0,7955.594999999999,7011.514999999999,1631.0200000000004,0
63,8138.99,8734.78,8090.0,8700.01,4292.623682,2017-11-25,7400.515499999999,792.7936362965953,8986.102772593189,5814.928227406808,0,0,7918.927840555787,48.0,100.0,8199.6,7255.52,2454.96,0
64,8700.04,9350.0,8604.72,9128.02,4147.380237,2017-11-26,7508.910499999998,873.506163202286,9255.92282640457,5761.898173595426,0,0,8126.275397163617,44.0,100.0,8444.98,7469.525,3316.9900000000007,0
65,9128.0,9654.28,9112.04,9650.0,4521.625707,2017-11-27,7638.208499999998,988.0667555504323,9614.342011100862,5662.074988899133,1,0,8391.591728326608,40.0,100.0,8834.994999999999,7730.514999999999,3184.01,0
66,9650.0,9939.0,9570.5,9896.8,4917.210985,2017-11-28,7767.8984999999975,1105.053541414342,9978.005582828682,5557.791417171314,0,0,8646.635371901164,36.0,100.0,8958.395,7853.914999999999,3321.8099999999995,0
67,9896.79,11300.03,8520.0,9687.88,13352.538715,2017-11-29,7898.292999999998,1171.4763425474846,10241.245685094967,5555.340314905028,0,0,8837.484878537089,32.0,96.0,8958.395,7853.914999999999,2447.819999999999,0
68,9687.88,10900.0,8850.8,9838.96,9389.574329,2017-11-30,8064.891999999997,1199.7831296732054,10464.458259346407,5665.325740653587,0,0,9013.341618144554,28.000000000000004,92.0,8958.395,7853.914999999999,1974.4599999999991,0
69,9837.0,10898.0,9380.0,10782.99,6134.923633,2017-12-01,8291.788999999997,1264.8423756005125,10821.473751201022,5762.104248798973,0,0,9291.451257808534,24.0,100.0,9401.49,8297.01,3083.8,0
70,10775.04,11190.0,10620.0,10890.01,4765.439757,2017-12-02,8545.737999999998,1250.3364541703886,11046.410908340775,6045.06509165922,0,0,9553.48447777705,20.0,100.0,9514.005000000001,8350.52,3128.0700000000006,0
71,10902.69,11825.0,10500.0,11165.41,5346.636524,2017-12-03,8780.708999999999,1280.1436175840058,11340.996235168011,6220.421764831987,0,0,9821.334712899334,16.0,100.0,9932.71,8488.22,3127.41,0
72,11165.41,11600.0,10802.0,11579.0,4663.424562,2017-12-04,9030.909499999998,1314.8907571372663,11660.691014274531,6401.127985725465,0,0,10110.08392550592,12.0,100.0,10353.51,8695.015,3367.0,0
73,11571.03,11853.0,11447.68,11699.99,5550.732055,2017-12-05,9253.905999999999,1372.1308124780203,11998.16762495604,6509.6443750439585,0,0,10376.82966801038,8.0,100.0,10674.994999999999,8755.51,3580.4799999999996,0
74,11699.99,13615.23,11665.58,13550.05,6707.946319,2017-12-06,9538.183499999997,1633.244215152536,12804.67193030507,6271.695069694925,1,0,10879.364783076466,4.0,100.0,11618.965,9680.539999999999,5344.129999999999,0
75,13541.01,16649.96,13050.0,16599.0,7487.065695,2017-12-07,9983.173999999997,2214.7252213082693,14412.624442616536,5553.723557383459,1,0,11757.96422059482,4.0,100.0,13143.439999999999,11205.015,8579.01,1
76,16599.0,17204.99,14015.0,15880.0,17589.013136,2017-12-08,10389.076999999997,2510.3855836716257,15409.848167343249,5368.305832656746,1,0,12426.47013524636,4.0,96.0,13218.98,11532.494999999999,7742.0,0
77,15880.01,16269.3,12535.0,14656.07,13918.758687,2017-12-09,10719.980499999998,2618.038673986545,15956.057847973087,5483.903152026908,0,0,12832.256932228747,4.0,92.0,13690.994999999999,11586.994999999999,5956.0599999999995,0
78,14664.01,15720.12,12368.0,14899.98,16553.037173,2017-12-10,11054.3795,2706.467685095866,16467.31487019173,5641.4441298082675,0,0,13211.606938525987,8.0,88.0,13744.505000000001,11919.53,5771.959999999999,0
79,14946.26,17470.0,14901.08,16587.97,11820.401762,2017-12-11,11477.802499999998,2880.0201331530866,17237.84276630617,5717.762233693825,0,0,13779.103547917706,4.0,84.0,13882.205,12149.095,6937.970000000001,0
80,16587.97,16976.45,15875.0,16349.99,9436.802411,2017-12-12,11885.005999999998,2967.477269128393,17819.960538256782,5950.051461743212,0,0,14231.09817428306,4.0,80.0,14089.0,12149.095,6453.1900000000005,0
81,16349.99,16546.0,14666.56,16033.29,12416.328801,2017-12-13,12285.670999999998,2959.1229864782963,18203.91697295659,6367.425027043406,0,0,14576.019066777017,20.0,76.0,14149.494999999999,12180.47,6345.410000000002,0
82,16030.34,16445.0,15450.0,16334.98,11616.867151,2017-12-14,12695.519999999999,2921.841278968491,18539.20255793698,6851.837442063016,0,0,14925.491774472355,16.0,72.0,15074.525,12309.494999999999,6496.02,0
83,16334.98,17991.0,16298.45,17539.83,9181.273947,2017-12-15,13137.510999999999,2954.0524446096465,19045.61588921929,7229.406110780706,0,0,15402.432644572744,12.0,100.0,16097.95,12779.91,6756.840000000002,1
84,17516.81,19539.0,17190.01,19102.66,4202.628709,2017-12-16,13636.242999999997,3080.792818511258,19797.82863702251,7474.657362977481,0,0,16027.17477954903,8.0,100.0,16879.364999999998,13561.325,8212.65,1
85,19120.19,19798.68,18510.0,18860.02,9177.183434,2017-12-17,14096.743999999997,3141.3280203047234,20379.400040609442,7814.08795939055,0,0,16536.67661188822,4.0,96.0,16879.364999999998,13561.325,7694.610000000001,1
86,18860.04,19300.0,17029.98,18856.25,10624.633071,2017-12-18,14544.716499999999,3149.6923278118124,20844.101155623623,8245.331844376375,0,0,16976.57631624166,4.0,92.0,17001.32,13561.325,7277.25,1
87,18856.25,18950.0,16300.0,17295.2,13210.74822,2017-12-19,14925.082499999999,2987.459810384377,20900.002120768753,8950.162879231244,0,0,17127.85653873804,4.0,88.0,17567.975,13620.33,5595.210000000001,1
88,17295.2,17720.35,14777.66,16488.98,13450.496693,2017-12-20,15257.583499999997,2752.409482808752,20762.402465617502,9752.764534382493,0,0,17141.370850602725,4.0,84.0,17567.975,13901.335,2938.9300000000003,1
89,16480.52,17309.5,14022.0,15492.64,20324.2173,2017-12-21,15493.065999999997,2542.9326798618727,20578.93135972374,10407.200640276253,0,0,16973.155364556635,4.0,80.0,17297.65,14115.34,-1106.3600000000006,0
90,15514.03,15699.34,10961.0,13326.61,36076.271175,2017-12-22,15614.895999999997,2362.783614328884,20340.463228657765,10889.328771342229,0,0,16453.533396405935,8.0,76.0,16214.635,14376.33,-2553.3899999999994,0
91,13326.61,14950.0,12978.18,13300.0,13141.538875,2017-12-23,15721.625499999998,2193.3533070079943,20108.332114015986,11334.91888598401,0,0,16009.037877338102,4.0,72.0,16201.33,14395.27,-1356.0699999999997,0
92,13300.0,13819.99,11640.0,13500.0,28557.534988,2017-12-24,15817.675499999998,2039.0263109334062,19895.72812186681,11739.622878133185,0,0,15672.867535875925,4.0,68.0,16201.33,14395.27,-1399.9799999999996,0
93,13500.0,14300.0,12708.0,13699.34,15748.207607,2017-12-25,15917.643,1868.3947378124553,19654.43247562491,12180.853524375088,0,0,15402.766978433681,4.0,64.0,16080.01,14470.81,-2888.630000000001,1
94,13699.34,16050.0,13533.0,15689.01,15034.668104,2017-12-26,16024.591,1785.1005864388205,19594.792172877642,12454.389827122359,0,0,15421.019780909675,4.0,60.0,16078.125,14942.825,-660.9799999999996,1
95,15709.98,16498.05,14200.15,15459.99,14959.864723,2017-12-27,15967.6405,1783.9792801973433,19535.599060394685,12399.681939605312,0,0,15408.538181698983,4.0,56.00000000000001,15297.6,14996.335,-573.3000000000011,1
96,15459.97,15539.99,13150.0,14182.11,21717.858014,2017-12-28,15882.746,1828.2196712113728,19539.185342422745,12226.306657577254,0,0,15219.141065617172,4.0,52.0,14894.49,15134.035,-2152.869999999999,0
97,14199.14,14981.0,13850.0,14378.9,18072.008116,2017-12-29,15868.8875,1839.0262552170486,19546.940010434097,12190.834989565903,0,0,15075.97203932084,4.0,48.0,14494.505000000001,15340.83,-3160.930000000002,0
98,14378.99,14398.85,11750.0,12440.01,19221.158039,2017-12-30,15745.889000000001,1983.8052260953361,19713.499452190674,11778.278547809328,0,0,14647.042461791336,100.0,44.0,14064.51,15401.325,-6662.65,0
99,12345.1,14050.11,12149.98,13716.36,11768.989718,2017-12-31,15602.308500000003,2023.1783317378206,19648.665163475645,11555.951836524362,0,0,14425.687154950201,96.0,40.0,14064.51,15771.335,-5143.66,0
100,13715.65,13818.55,12750.0,13380.0,8609.915844,2018-01-01,15453.809000000003,2073.775429297216,19601.359858594435,11306.258141405571,0,0,14188.128945065708,92.0,36.0,14064.51,15771.335,-5476.25,0
101,13382.16,15473.49,12890.02,14675.11,20078.092111,2018-01-02,15385.900000000003,2076.0373101504824,19537.974620300967,11233.82537969904,0,0,14167.47932248901,88.0,32.0,14064.51,15771.335,-2620.09,0
102,14690.0,15307.56,14150.0,14919.51,15905.667639,2018-01-03,15315.126500000004,2066.082949999004,19447.292399998012,11182.960600001996,0,0,14215.162870208578,84.0,28.000000000000004,14064.51,15771.335,-1569.4699999999993,1
103,14919.51,15280.0,13918.04,15059.54,21329.649574,2018-01-04,15191.112000000003,1998.864193816607,19188.840387633216,11193.38361236679,0,0,14292.839341856337,80.0,24.0,13950.0,15771.335,-433.09999999999854,1
104,15059.56,17176.24,14600.0,16960.39,23251.491125,2018-01-05,15083.998500000005,1828.3494726471795,18740.697445294365,11427.299554705645,0,0,14654.900797298698,76.0,20.0,14700.2,15771.335,3633.779999999999,1
105,16960.39,17143.13,16011.21,17069.79,18571.457508,2018-01-06,14994.487000000003,1670.788616646897,18336.064233293797,11652.909766706209,0,0,15029.745026984996,72.0,16.0,14754.900000000001,15771.335,3769.790000000001,1
106,17069.79,17099.96,15610.0,16150.03,12493.125558,2018-01-07,14859.176000000003,1434.445468705043,17728.06693741009,11990.285062589917,0,0,15225.349433878951,68.0,12.0,14754.900000000001,15771.335,2650.0300000000007,1
107,16218.85,16322.3,12812.0,14902.54,26600.609912,2018-01-08,14739.543000000001,1315.424059406023,17370.391118812047,12108.694881187956,0,0,15212.344438399508,64.0,8.0,15224.895,15771.335,1203.2000000000007,1
108,14902.54,15500.0,14011.05,14400.0,14315.004253,2018-01-09,14635.094000000003,1250.537493389399,17136.1689867788,12134.019013221205,0,0,15124.462581932652,60.0,4.0,15224.895,15771.335,-1289.0100000000002,1
109,14401.0,14955.66,13131.31,14907.09,17411.001655,2018-01-10,14605.816500000004,1236.1759725450263,17078.168445090058,12133.464554909951,0,0,15082.045434731837,56.00000000000001,4.0,15734.895,15771.335,-552.8999999999996,1
110,14940.0,14968.68,11400.0,13238.78,33554.723751,2018-01-11,14601.425000000007,1241.105693028773,17083.63638605755,12119.21361394246,0,0,14808.328959855551,52.0,4.0,15154.285,15650.015,-943.3299999999999,1
111,13238.76,14109.78,12500.0,13740.01,16417.162137,2018-01-12,14623.425500000007,1220.551467590199,17064.528435180404,12182.32256481961,0,0,14666.16919465616,48.0,4.0,15154.285,15648.130000000001,-638.8899999999994,1
112,13749.95,14580.0,13706.15,14210.0,12221.508528,2018-01-13,14658.925500000007,1196.2397798209447,17051.405059641897,12266.445940358117,0,0,14605.854898293546,44.0,72.0,15154.285,14867.605,1769.9899999999998,1
113,14210.0,14339.5,12569.2,13474.99,17017.894329,2018-01-14,14647.708000000004,1206.7177077100769,17061.143415420156,12234.27258457985,0,0,14484.676426703867,40.0,68.0,15154.285,14754.900000000001,-241.3700000000008,1
114,13477.98,14249.99,13147.79,13539.93,14652.094705,2018-01-15,14540.254000000004,1204.7956781497978,16949.8453562996,12130.662643700409,0,0,14363.143159300711,36.0,64.0,14694.405,14754.900000000001,159.9300000000003,1
115,13500.0,13542.93,9035.0,10900.0,63401.169175,2018-01-16,14312.254500000005,1431.6898247304089,17175.63414946082,11448.874850539187,0,1,13881.896181286424,100.0,60.0,12903.545,13984.895,-3775.1100000000006,0
116,10899.99,11680.99,9037.94,10988.79,72331.796646,2018-01-17,14152.588500000003,1613.4890828860227,17379.56666577205,10925.610334227958,0,0,13448.383463617769,96.0,56.00000000000001,12903.545,13984.895,-3930.7199999999993,1
117,10972.59,11878.82,10435.33,10961.97,48464.434937,2018-01-18,13981.742000000002,1762.3048959204746,17506.351791840953,10457.132208159053,0,0,13060.419192746875,92.0,52.0,12903.545,13984.895,-4097.5700000000015,1
118,10960.0,11795.0,10360.0,11474.98,34129.375421,2018-01-19,13933.4905,1819.036853266545,17571.56420653309,10295.41679346691,0,0,12792.348925861974,88.0,48.0,12555.0,13984.895,-5485.41,1
119,11474.98,13099.0,11412.45,12799.94,28768.857827,2018-01-20,13887.6695,1836.2548584507433,17560.179216901488,10215.159783098514,0,0,12712.178961322583,84.0,44.0,12555.0,13984.895,-4269.85,1
120,12799.8,12799.8,10965.0,11530.0,41379.773426,2018-01-21,13795.1695,1908.355014258908,17611.879528517817,9978.459471482183,0,0,12456.393903243563,80.0,40.0,12555.0,13984.895,-4620.030000000001,1
121,11530.0,11926.35,9900.24,10760.05,43752.606791,2018-01-22,13599.416500000001,2011.3602193024453,17622.13693860489,9576.69606139511,0,0,12139.259165000816,100.0,36.0,12149.99,13914.92,-4142.490000000002,0
122,10760.05,11399.0,9905.0,10799.18,37473.922552,2018-01-23,13393.4,2078.9122958868384,17551.224591773676,9235.575408226323,0,0,11891.74353936112,96.0,32.0,12149.99,13914.92,-3600.8199999999997,0
123,10799.14,11570.48,10500.0,11349.99,27158.587762,2018-01-24,13207.9225,2087.8988961982964,17383.720292396592,9032.124707603409,0,0,11764.556428795408,92.0,28.000000000000004,11779.994999999999,13914.92,-3557.1000000000004,1
124,11349.96,11794.05,10950.21,11175.27,20839.954183,2018-01-25,12918.666500000001,1935.871861117379,16790.410222234757,9046.922777765243,0,0,11618.134038744129,88.0,24.0,11779.994999999999,13914.92,-2063.51,1
125,11184.7,11643.0,10311.15,11089.0,33056.87196,2018-01-26,12619.627,1709.5976462378849,16038.82229247577,9200.43170752423,0,0,11510.076702945318,84.0,20.0,11779.994999999999,13914.92,-2651.01,1
126,11089.0,11650.0,10842.69,11491.0,18860.768345,2018-01-27,12386.675500000001,1508.8595146508435,15404.394529301688,9368.956470698315,0,0,11463.841785868864,80.0,16.0,11779.994999999999,13914.92,-2719.0,1
127,11499.98,12244.0,11408.0,11879.95,16887.339524,2018-01-28,12235.546000000002,1390.3213884165173,15016.188776833036,9454.903223166968,0,0,11470.424896775934,76.0,12.0,11779.994999999999,13914.92,-1595.039999999999,1
128,11879.95,11975.02,11139.55,11251.0,14170.377538,2018-01-29,12078.096000000001,1308.183500661976,14694.463001323953,9461.72899867605,0,0,11399.634285776785,72.0,8.0,11320.0,13914.92,-2288.9300000000003,1
129,11250.11,11308.42,9900.0,10237.51,25554.372946,2018-01-30,11844.617000000002,1187.8737807133923,14220.364561426786,9468.869438573218,0,0,11189.979439120529,100.0,4.0,11058.73,13653.650000000001,-662.4899999999998,1
130,10230.0,10425.85,9700.0,10285.1,18015.956805,2018-01-31,11696.933000000003,1189.0294535066525,14074.991907013307,9318.874092986698,0,0,11064.88042628722,96.0,4.0,11058.73,13653.650000000001,-703.6900000000005,1
131,10285.1,10335.0,8750.99,9224.52,33564.764311,2018-02-01,11471.158500000001,1209.2017746051201,13889.562049210243,9052.75495078976,0,0,10800.436317277994,100.0,12.0,10552.235,12687.275000000001,-1737.449999999999,1
132,9224.52,9250.0,8010.02,8873.03,49971.626975,2018-02-02,11204.310000000001,1160.89951974185,13526.109039483701,8882.510960516302,0,1,10518.781181507573,100.0,8.0,10376.490000000002,11890.060000000001,-2601.949999999999,1
133,8873.03,9473.01,8229.0,9199.96,28725.000735,2018-02-03,10990.558500000003,1113.4040593663376,13217.366618732678,8763.750381267328,0,0,10309.571071666694,96.0,4.0,10376.490000000002,11890.060000000001,-3599.9800000000014,1
134,9199.96,9368.0,7930.0,8184.81,32014.308449,2018-02-04,10722.802500000002,1111.9628798796664,12946.728259759335,8498.876740240668,0,1,9953.991913698215,100.0,12.0,10032.380000000001,11545.95,-3345.1899999999996,0
135,8179.99,8382.8,6625.0,6939.99,63403.182579,2018-02-05,10524.802000000001,1395.2354069346973,13315.272813869396,7734.3311861306065,0,1,9487.747430543342,100.0,8.0,9409.970000000001,10574.994999999999,-3820.0599999999995,0
136,6939.63,7878.0,6000.01,7652.14,100201.500307,2018-02-06,10357.969500000003,1529.8296330241174,13417.628766048238,7298.310233951768,0,0,9197.699671720342,96.0,4.0,9095.494999999999,10574.994999999999,-3147.04,0
137,7655.02,8476.0,7150.01,7599.0,60778.460497,2018-02-07,10189.821000000002,1640.744586306384,13471.31017261277,6908.331827387234,0,0,8935.466337892232,92.0,8.0,8612.545,10574.994999999999,-3750.99,0
138,7599.0,7844.0,7572.09,7784.02,1521.537318,2018-02-08,10005.273000000001,1695.2549670464953,13395.782934092991,6614.763065907011,0,0,8722.00763851128,88.0,4.0,8612.545,10239.96,-3391.25,0
139,7789.9,8738.0,7789.9,8683.92,20482.910825,2018-02-09,9799.472000000002,1584.3415989369626,12968.155197873926,6630.788802126077,0,0,8668.671302675022,84.0,20.0,8082.255,10239.96,-2405.08,0
140,8683.93,9065.78,8120.0,8533.98,49381.512653,2018-02-10,9649.671000000002,1553.4437768963257,12756.558553792653,6542.783446207351,0,0,8602.018095725118,80.0,16.0,8069.974999999999,9869.965,-2957.0200000000004,0
141,8533.99,8549.0,7726.53,8063.88,45025.187952,2018-02-11,9514.862500000003,1568.923344042953,12652.709188085908,6377.015811914097,0,0,8467.930170340323,76.0,12.0,8069.974999999999,9869.965,-3816.0700000000006,0
142,8063.82,8989.0,8053.0,8903.0,41987.85049,2018-02-12,9420.053500000004,1544.3277890167096,12508.709078033422,6331.397921966584,0,0,8464.270476592295,72.0,8.0,7921.495,9869.965,-2348.0,0
143,8903.0,8950.0,8351.0,8539.9,35454.972956,2018-02-13,9279.549000000003,1486.2386837740248,12252.026367548053,6307.071632451953,0,0,8420.864185285589,68.0,4.0,7921.495,9869.965,-1697.6100000000006,0
144,8535.17,9489.6,8533.0,9449.99,40811.952867,2018-02-14,9193.285000000003,1418.9630303499916,12031.211060699987,6355.35893930002,0,0,8534.1501510264,64.0,32.0,8524.494999999999,9869.965,-835.1100000000006,0
145,9449.98,10219.5,9301.5,10000.09,52427.596715,2018-02-15,9138.839500000004,1362.1495830583679,11863.13866611674,6414.5403338832675,0,0,8711.835617138095,60.0,28.000000000000004,8799.545,9409.970000000001,775.5699999999997,0
146,10000.89,10323.37,9666.0,10159.98,38161.205974,2018-02-16,9072.288500000004,1270.6207856347773,11613.530071269559,6531.0469287304495,0,0,8911.092903132252,56.00000000000001,24.0,8972.0,9409.970000000001,1286.949999999999,0
147,10156.07,11075.07,10050.0,11039.55,41882.108407,2018-02-17,9030.268500000002,1183.8142532921563,11397.897006584315,6662.639993415689,0,0,9219.392011257452,52.0,20.0,9551.715,9409.970000000001,1839.5900000000001,1
148,11039.55,11274.0,10080.0,10383.43,61137.380728,2018-02-18,8986.890000000003,1111.865935320599,11210.6218706412,6763.158129358805,0,0,9387.971601273,48.0,16.0,9551.715,9409.970000000001,2198.62,1
149,10375.01,11250.0,10270.33,11153.0,40831.417131,2018-02-19,9032.664500000003,1182.6541816719232,11397.97286334385,6667.356136656156,0,0,9666.472774469376,44.0,12.0,9608.44,9409.970000000001,4213.01,1
150,11147.11,11786.01,11100.59,11200.99,48153.354288,2018-02-20,9078.459,1249.5440310007114,11577.547062001424,6579.370937998578,0,0,9941.36676157052,40.0,8.0,9870.445,9409.970000000001,3548.8499999999995,1
151,11195.07,11304.03,10200.0,10437.6,68113.818754,2018-02-21,9139.113000000001,1285.9196526962946,11710.952305392591,6567.273694607412,0,0,10057.705740695359,36.0,4.0,9870.445,9409.970000000001,2838.6000000000004,1
152,10439.02,10933.44,9679.0,9811.04,67060.166483,2018-02-22,9186.013500000003,1292.7915593591624,11771.596618718328,6600.430381281678,0,0,10070.002025521457,32.0,4.0,10325.49,9409.970000000001,2027.0200000000004,0
153,9815.55,10435.0,9570.19,10131.04,57202.70237,2018-02-23,9232.567500000003,1309.9703770370172,11852.508254074037,6612.626745925969,0,0,10123.39306270279,28.000000000000004,88.0,10506.015,9095.494999999999,1447.1200000000008,0
154,10131.04,10496.97,9352.0,9694.51,40888.156299,2018-02-24,9308.052500000003,1289.7584591407146,11887.569418281433,6728.535581718574,0,0,10089.486773752744,24.0,84.0,10447.75,9070.49,1160.5300000000007,0
155,9694.51,9847.0,9274.8,9590.0,28373.517586,2018-02-25,9440.553000000004,1163.6310573377978,11767.815114675599,7113.290885324408,0,0,10047.640797532464,20.0,80.0,10395.494999999999,9070.49,1526.12,0
156,9590.0,10444.32,9350.0,10324.0,34878.292756,2018-02-26,9574.146000000004,1099.0863014982397,11772.318602996484,7375.973397003525,0,0,10126.252645542445,16.0,76.0,10395.494999999999,9070.49,1421.0,0
157,10321.0,10870.0,10121.0,10569.04,30705.385123,2018-02-27,9722.648000000005,1015.6506531210854,11753.949306242175,7691.346693757834,0,0,10214.084869934622,12.0,72.0,10395.494999999999,9070.49,2029.1400000000012,0
158,10584.33,11098.0,10300.0,10326.76,30800.983782,2018-02-28,9849.785000000005,914.295103382077,11678.37520676416,8021.194793235852,0,0,10263.008768019852,8.0,68.0,10395.494999999999,9070.49,876.7700000000004,0
159,10325.64,11060.41,10240.0,10920.0,25092.55393,2018-03-01,9961.589000000004,900.8443829915286,11763.27776598306,8159.900234016946,0,0,10373.794359799762,4.0,64.0,10255.0,9070.49,919.9099999999999,1
160,10923.36,11200.0,10770.0,11039.0,23910.71009,2018-03-02,10086.840000000004,865.3530521061856,11817.546104212375,8356.133895787632,0,0,10477.201331145432,8.0,60.0,10314.5,9070.49,879.0200000000004,1
161,11038.99,11544.0,11015.01,11464.48,21287.15328,2018-03-03,10256.870000000004,776.4698449087672,11809.809689817539,8703.93031018247,0,0,10626.045802416033,4.0,100.0,10527.24,9531.74,424.9300000000003,1
162,11464.47,11565.0,11050.02,11515.0,17295.918653,2018-03-04,10387.470000000005,756.1677237018463,11899.805447403698,8875.134552596312,0,0,10746.435217763505,4.0,100.0,10552.5,9557.0,1131.5699999999997,1
163,11515.0,11710.0,11415.01,11454.0,15144.231063,2018-03-05,10533.175000000005,655.4779411961509,11844.130882392306,9222.219117607703,0,0,10855.75437632782,12.0,96.0,10552.5,9649.51,301.0,1
164,11455.0,11455.0,10555.48,10716.48,29515.572363,2018-03-06,10596.499500000005,604.5218392857513,11805.543178571508,9387.455821428503,0,0,10829.833980756377,8.0,92.0,10919.5,9789.44,-484.5100000000002,1
165,10716.48,10899.0,9389.31,9910.0,50647.67108,2018-03-07,10591.995000000006,609.5148152726468,11811.0246305453,9372.965369454712,0,0,10689.68350826527,4.0,88.0,10712.5,9789.44,-527.6000000000004,1
166,9910.0,10099.0,9060.0,9271.64,41109.473226,2018-03-08,10547.578000000005,671.8356964991768,11891.24939299836,9203.90660700165,0,0,10489.694631533219,8.0,84.0,10393.32,9789.44,-539.4000000000015,1
167,9267.07,9410.0,8329.0,9227.0,64112.291407,2018-03-09,10456.950500000004,722.3326172490424,11901.61573449809,9012.28526550192,0,0,10320.470416021117,4.0,80.0,10371.0,10027.45,-904.0400000000009,1
168,9230.0,9490.0,8667.07,8770.22,37180.012857,2018-03-10,10376.290000000005,815.0897909659117,12006.469581931828,8746.110418068181,0,0,10100.15637072555,100.0,76.0,10142.61,10027.45,-924.2900000000009,1
169,8770.22,9740.0,8450.0,9533.57,44325.973386,2018-03-11,10295.318500000005,814.3071603793087,11923.932820758622,8666.704179241387,0,0,10026.195128362924,96.0,72.0,10142.61,10142.61,-56.43000000000029,1
170,9533.57,9888.88,8780.0,9131.34,42230.77793,2018-03-12,10191.836000000007,824.5974904502544,11841.030980900516,8542.641019099497,0,0,9905.395461609725,92.0,68.0,10142.61,10142.61,-1192.6599999999999,1
171,9131.34,9474.0,8823.0,9150.0,40191.409358,2018-03-13,10127.456000000006,854.1350202360873,11835.72604047218,8419.185959527831,0,0,9788.080829891818,88.0,64.0,10112.11,10142.61,-1419.0400000000009,1
172,9151.92,9333.78,7900.28,8170.0,49708.094108,2018-03-14,10045.404000000006,958.5693922628537,11962.542784525713,8128.265215474298,0,0,9539.045169895542,100.0,60.0,9443.24,9842.5,-2156.76,0
173,8184.01,8430.0,7650.0,8240.98,52291.022277,2018-03-15,9950.901000000005,1039.4392826241108,12029.779565248227,7872.022434751783,0,0,9336.119290008652,96.0,56.00000000000001,9040.0,9842.5,-2679.0200000000004,0
174,8240.98,8611.64,7900.0,8260.0,38815.409893,2018-03-16,9879.175500000005,1105.4593073254173,12090.09411465084,7668.25688534917,0,0,9149.740725108166,92.0,52.0,8851.785,9842.5,-2779.0,0
175,8260.0,8348.62,7721.99,7824.8,33110.206329,2018-03-17,9790.915500000005,1196.4817942639265,12183.879088527858,7397.951911472152,0,0,8921.453903056141,100.0,48.0,8679.185,9669.9,-3639.6799999999994,0
176,7824.01,8317.4,7322.0,8189.99,59488.231711,2018-03-18,9684.215000000004,1240.7741309042028,12165.76326180841,7202.666738191598,0,0,8766.17617260328,96.0,44.0,8679.185,9669.9,-3325.01,0
177,8189.0,8705.23,8088.4,8600.0,55297.084942,2018-03-19,9585.763000000003,1244.982337520466,12075.727675040935,7095.798324959071,0,0,8688.568605769218,92.0,40.0,8679.185,9669.9,-2854.0,1
178,8595.01,9050.0,8280.0,8909.98,44865.105835,2018-03-20,9514.924000000003,1240.9012477075426,11996.726495415089,7033.121504584918,0,0,8666.642709688233,88.0,36.0,8487.4,9669.9,-1806.5,1
179,8909.96,9177.01,8750.6,8885.0,39972.405371,2018-03-21,9413.174000000003,1202.462093826019,11818.098187652042,7008.2498123479645,0,0,8658.227880606597,84.0,32.0,8487.4,9669.9,-1025.0,1
180,8884.82,9100.0,8465.1,8722.9,40617.556809,2018-03-22,9297.369000000002,1147.934958431207,11593.238916862416,7001.499083137589,0,0,8643.166277768663,80.0,28.000000000000004,8367.39,9669.9,-548.7399999999998,1
181,8720.0,8909.0,8269.0,8898.03,39991.007666,2018-03-23,9169.046500000002,1030.357806463257,11229.762112926517,7108.330887073488,0,0,8667.73973942354,76.0,24.0,8367.39,9669.9,-328.96999999999935,1
182,8898.04,8999.95,8491.0,8546.86,35466.609572,2018-03-24,9020.639500000001,877.0234480780574,10774.686396156116,7266.5926038438865,0,0,8639.368664704956,72.0,20.0,8367.39,9669.9,-223.35999999999876,1
183,8531.25,8669.85,8365.77,8470.15,29001.769316,2018-03-25,8871.447000000002,670.8541204127624,10213.155240825527,7529.738759174477,0,0,8612.365682537671,68.0,16.0,8367.39,9669.9,-1063.42,1
184,8470.14,8514.89,7831.0,8134.23,44033.59566,2018-03-26,8742.3345,530.9773088370017,9804.289117674005,7680.379882325998,0,0,8525.314930830327,64.0,12.0,8522.105,9669.9,-997.1100000000006,1
185,8134.22,8215.94,7730.0,7795.51,37427.64805,2018-03-27,8636.610000000002,495.57418390988164,9627.758367819766,7645.461632180239,0,0,8408.043816561318,100.0,8.0,8352.744999999999,9655.255000000001,-1354.4899999999998,1
186,7795.51,8109.0,7728.0,7949.3,26401.33167,2018-03-28,8570.493000000002,494.6016177225226,9559.696235445048,7581.289764554957,0,0,8327.29005417655,96.0,4.0,8352.744999999999,9655.255000000001,-220.69999999999982,1
187,7949.3,7975.0,6941.11,7090.14,54620.915125,2018-03-29,8463.650000000003,570.3239834284883,9604.29796685698,7323.002033143027,0,1,8151.591603784239,100.0,4.0,7994.085000000001,9302.57,-1150.8399999999992,0
188,7090.16,7292.43,6600.1,6840.23,65306.031976,2018-03-30,8367.150500000003,670.2467627631858,9707.644025526375,7026.656974473632,0,1,7960.360120285116,100.0,4.0,7869.13,9147.115,-1419.7700000000004,1
189,6840.24,7223.36,6777.0,6923.91,36868.539087,2018-03-31,8236.667500000003,685.0768747480337,9606.82124949607,6866.513750503936,0,0,7804.753287954576,96.0,4.0,7869.13,8778.355,-900.8900000000003,1
190,6922.0,7049.98,6430.0,6813.01,44071.430463,2018-04-01,8120.751000000004,720.9243064720229,9562.59961294405,6678.902387055958,0,0,7661.057885935468,100.0,16.0,7679.935,8361.505000000001,-1376.9799999999996,1
191,6813.01,7125.0,6765.0,7056.0,32123.560072,2018-04-02,8016.051000000004,715.6154747224023,9447.281949444809,6584.8200505551995,0,0,7563.315550719141,96.0,12.0,7641.58,8173.29,-1544.0,1
192,7063.97,7520.0,7011.01,7405.21,37787.331811,2018-04-03,7977.811500000003,727.2944054238656,9432.400310847734,6523.222689152272,0,0,7520.256802464298,92.0,8.0,7473.62,8173.29,-1504.7699999999995,1
193,7405.21,7427.52,6707.0,6796.1,42227.183804,2018-04-04,7905.567500000003,770.2694808748246,9446.106461749652,6365.028538250353,0,0,7388.5215855485885,100.0,4.0,7372.700000000001,8164.835,-2088.8999999999996,1
194,6796.1,6902.0,6566.69,6770.76,39029.73146,2018-04-05,7831.105500000003,805.3851731770886,9441.87584635418,6220.335153645826,0,0,7270.07875160625,100.0,8.0,7360.030000000001,8152.165,-1952.1399999999994,0
195,6770.0,6850.0,6500.0,6601.39,27455.01192,2018-04-06,7769.935000000005,851.054581603607,9472.044163207218,6067.825836792791,0,0,7145.1282742518015,100.0,4.0,7003.3,7875.695,-2296.6400000000003,0
196,6601.39,7070.0,6586.28,6895.8,32269.578267,2018-04-07,7705.225500000005,866.4963790702838,9438.218258140572,5972.232741859438,0,0,7074.923531982941,96.0,28.000000000000004,7003.3,7875.695,-1651.0600000000004,0
197,6895.81,7109.13,6880.0,7018.0,21427.673165,2018-04-08,7626.125500000005,852.6128511783917,9331.351202356787,5920.899797643221,0,0,7037.998968109724,92.0,24.0,7003.3,7755.6849999999995,-1452.1499999999996,0
198,7011.04,7185.0,6611.0,6782.72,34078.297206,2018-04-09,7519.762500000004,815.9209685275711,9151.604437055146,5887.9205629448625,0,0,6973.188238044274,88.0,20.0,7003.3,7755.6849999999995,-1351.5099999999993,0
199,6781.55,6890.0,6656.0,6843.9,22326.728095,2018-04-10,7417.707500000004,762.0410866729619,8941.789673345927,5893.625326654081,0,0,6931.868851817522,84.0,16.0,7003.3,7755.6849999999995,-951.6100000000006,0
200,6839.56,6990.0,6787.0,6953.79,23997.871177,2018-04-11,7329.252000000005,702.9498077807733,8735.151615561552,5923.352384438458,0,0,6918.197463554701,80.0,12.0,7003.3,7755.6849999999995,-995.5100000000002,0
201,6953.78,8012.23,6743.2,7923.0,64861.595987,2018-04-12,7280.500500000005,616.9777063317141,8514.455912663432,6046.545087336576,0,0,7043.284993358114,76.0,8.0,7262.195,7755.6849999999995,832.8599999999997,1
202,7922.99,8233.39,7732.0,7877.41,55044.523148,2018-04-13,7247.028000000006,560.2064804920981,8367.440960984202,6126.615039015809,0,0,7162.900505883302,72.0,4.0,7262.195,7755.6849999999995,1037.1800000000003,0
203,7877.48,8186.0,7810.0,7999.01,31621.286357,2018-04-14,7223.471000000007,514.0727765077593,8251.616553015525,6195.325446984489,0,0,7290.007637977158,68.0,12.0,7300.200000000001,7755.6849999999995,1075.1000000000004,0
204,8004.0,8429.54,7999.02,8355.0,27946.720444,2018-04-15,7234.509500000006,536.5378548226697,8307.585209645345,6161.433790354666,1,0,7451.034523869536,64.0,8.0,7568.860000000001,7749.710000000001,1541.9899999999998,0
205,8355.07,8419.0,7867.0,8064.92,36664.069715,2018-04-16,7247.980000000006,554.446878173076,8356.873756346158,6139.086243653854,0,0,7552.179466521266,60.0,4.0,7568.860000000001,7749.710000000001,1008.9200000000001,0
206,8064.92,8173.7,7825.4,7885.02,32152.603567,2018-04-17,7244.766000000006,550.3386085369591,8345.443217073924,6144.088782926088,0,0,7609.948445291983,56.00000000000001,4.0,7568.860000000001,7749.710000000001,479.8100000000004,0
207,7890.96,8236.43,7868.0,8173.0,26969.04457,2018-04-18,7298.909000000005,586.4100849451198,8471.729169890245,6126.088830109766,0,0,7695.299962801718,52.0,4.0,7599.45,7574.125,1376.8999999999996,0
208,8173.99,8296.0,8080.0,8278.0,27113.847464,2018-04-19,7370.797500000005,614.668614157532,8600.13472831507,6141.460271684941,0,0,7797.030981866186,48.0,84.0,7654.395,7535.77,1507.2399999999998,0
209,8273.84,8930.0,8177.09,8856.98,39795.337485,2018-04-20,7467.4510000000055,688.2749069720937,8844.000813944192,6090.9011860558185,1,0,7970.200921733086,44.0,100.0,8367.195,7729.1849999999995,2255.5899999999992,0
210,8852.12,9035.0,8565.0,8915.31,40872.229909,2018-04-21,7572.566000000004,741.5397920501352,9055.645584100275,6089.486415899733,0,0,8133.4554758594695,40.0,100.0,8396.36,7758.35,2019.5099999999993,0
211,8915.31,9020.67,8727.68,8787.02,29458.25348,2018-04-22,7659.117000000004,778.1888748687851,9215.494749737574,6102.739250262433,0,0,8252.025319217199,36.0,96.0,8400.165,7758.35,1769.0200000000004,0
212,8785.7,8985.0,8745.0,8934.01,25838.114709,2018-04-23,7735.557000000005,825.5780271460634,9386.713054292131,6084.400945707878,0,0,8374.631028010082,32.0,100.0,8409.515,7767.700000000001,2151.29,0
213,8934.0,9731.01,8922.0,9619.99,46268.790106,2018-04-24,7876.751500000004,895.0093512965245,9666.770202593052,6086.732797406955,0,0,8585.620895219292,28.000000000000004,100.0,8752.505000000001,8110.6900000000005,2776.09,1
214,9618.96,9759.82,8730.0,8869.99,81110.037589,2018-04-25,7981.713000000003,881.4688766461667,9744.650753292337,6218.77524670767,0,0,8660.67095437798,24.0,96.0,8752.505000000001,8110.6900000000005,1916.1999999999998,0
215,8869.99,9307.48,8651.62,9266.0,43300.304245,2018-04-26,8114.943500000003,863.0379152754285,9841.01933055086,6388.867669449146,0,0,8781.419663503548,20.0,92.0,8896.494999999999,8110.6900000000005,1343.0,1
216,9267.03,9395.0,8889.0,8915.35,37241.347036,2018-04-27,8215.921000000004,830.4173016394626,9876.755603278929,6555.086396721079,0,0,8817.50941297124,16.0,88.0,8948.994999999999,8110.6900000000005,1037.9400000000005,0
217,8915.35,9427.48,8870.0,9348.0,34759.62842,2018-04-28,8332.421000000004,816.842706702914,9966.106413405832,6698.735586594175,0,0,8912.493732748435,12.0,84.0,9203.505000000001,8110.6900000000005,1348.9899999999998,0
218,9348.0,9570.51,9163.74,9419.0,38149.850035,2018-04-29,8464.235000000004,764.6461260747409,9993.527252149486,6934.942747850522,0,0,9003.493433277295,8.0,80.0,9203.505000000001,8110.6900000000005,1064.0,0
219,9417.04,9458.64,9124.99,9246.01,35002.033875,2018-04-30,8584.340500000004,680.7955980474924,9945.93169609499,7222.749303905019,0,0,9051.18057330491,4.0,76.0,9203.505000000001,8110.6900000000005,1181.0900000000001,0
220,9246.01,9248.99,8800.49,9071.48,41018.463633,2018-05-01,8690.225000000004,569.420281962785,9829.065563925575,7551.384436074434,0,0,9073.343520144557,12.0,72.0,9244.99,8110.6900000000005,1186.4599999999991,0
221,9071.48,9268.0,8970.2,9247.84,26123.543961,2018-05-02,8756.467000000004,552.2723359958976,9861.011671991799,7651.922328008209,0,0,9121.72731864772,8.0,68.0,9244.99,8201.355,1074.8400000000001,0
222,9247.81,9844.0,9168.4,9750.0,38768.388288,2018-05-03,8850.096500000003,554.1293254170483,9958.3551508341,7741.837849165907,0,0,9231.009141337476,4.0,100.0,9309.994999999999,8266.36,1472.0,1
223,9750.0,9830.04,9520.85,9713.99,28681.588879,2018-05-04,8935.845500000003,548.1563744088413,10032.158248817686,7839.532751182321,0,0,9319.380127619166,4.0,96.0,9332.675,8266.36,857.0100000000002,1
224,9714.0,10020.0,9682.0,9864.0,24990.018345,2018-05-05,9011.295500000004,567.5092411163122,10146.313982232628,7876.277017767379,0,0,9407.09209907204,4.0,100.0,9389.675,8353.95,948.6900000000005,1
225,9863.99,9970.0,9417.03,9659.01,27690.351559,2018-05-06,9091.000000000004,538.8154344876802,10168.630868975364,8013.369131024643,0,0,9453.0822123343,8.0,96.0,9467.74,8408.895,871.9899999999998,1
226,9661.02,9689.67,9181.0,9365.0,33787.640012,2018-05-07,9164.999000000003,460.39402895099005,10085.787057901984,8244.210942098023,0,0,9453.34116682119,4.0,92.0,9467.74,8870.705,430.9899999999998,1
227,9365.0,9475.7,9060.54,9187.56,25533.831889,2018-05-08,9215.727000000003,396.8475087632764,10009.422017526555,8422.03198247345,0,0,9425.062141037266,16.0,88.0,9467.74,8870.705,-432.4300000000003,1
228,9178.0,9390.0,8965.0,9310.0,25673.524899,2018-05-09,9267.327000000003,329.95814974029446,9927.243299480591,8607.410700519415,0,0,9404.635307996037,12.0,84.0,9467.74,8874.51,440.0100000000002,1
229,9310.0,9395.12,8970.0,9002.2,25055.063718,2018-05-10,9274.588000000003,321.95361338984105,9918.495226779685,8630.680773220321,0,0,9356.908674063823,8.0,80.0,9433.1,8874.51,-263.7999999999993,1
230,9002.21,9016.8,8341.0,8400.0,48227.048061,2018-05-11,9248.822500000004,369.3504057962859,9987.523311592575,8510.121688407433,0,1,9220.410155948555,4.0,76.0,9132.0,8874.51,-515.3500000000004,1
231,8405.94,8646.88,8153.0,8465.94,40241.32081,2018-05-12,9232.768500000004,396.4622212343717,10025.692942468748,8439.84405753126,0,0,9117.338963678078,4.0,72.0,9132.0,8874.51,-882.0599999999995,1
232,8475.44,8763.36,8298.0,8679.71,25632.869362,2018-05-13,9220.053500000004,410.3815428197824,10040.816585639568,8399.29041436044,0,0,9049.6052826554,4.0,68.0,9132.0,9018.5,-739.2900000000009,1
233,8679.71,8879.99,8277.0,8663.34,37389.666533,2018-05-14,9172.221000000003,417.01123037892637,10006.243460757856,8338.19853924215,0,0,8986.58855521193,88.0,64.0,9029.505000000001,9071.0,-582.6700000000001,1
234,8663.37,8859.99,8401.3,8462.0,28126.956136,2018-05-15,9151.821500000004,441.8154210012534,10035.45234200251,8268.190657997497,0,0,8905.728661337633,84.0,60.0,8882.5,9132.0,-609.4799999999996,0
235,8462.0,8488.0,8083.01,8330.0,31130.718908,2018-05-16,9105.021500000004,477.23796924296323,10059.49743848593,8150.545561514078,0,0,8819.305487727586,100.0,56.00000000000001,8820.0,9097.0,-917.8400000000001,0
236,8330.0,8464.0,7979.0,8041.46,25439.844799,2018-05-17,9061.327000000003,532.3418522865104,10126.010704573024,7996.643295426982,0,0,8698.55326999864,100.0,52.0,8675.73,8952.73,-1708.54,1
237,8038.82,8273.21,7911.9,8239.81,23476.158251,2018-05-18,9005.917500000003,557.9885692460512,10121.894638492106,7889.940361507901,0,0,8611.765259329713,96.0,48.0,8521.83,8952.73,-1474.1800000000003,1
238,8238.01,8390.8,8095.73,8233.49,17193.424276,2018-05-19,8946.642000000003,574.5208080021251,10095.683616004253,7797.600383995753,0,0,8535.614634158632,92.0,44.0,8360.585,8952.73,-1630.5100000000002,1
239,8233.49,8609.0,8163.9,8526.98,19957.057109,2018-05-20,8910.690500000002,577.2919450009173,10065.274390001838,7756.106609998168,0,0,8508.46660481274,88.0,40.0,8360.585,8952.73,-1132.0300000000007,1
240,8526.97,8595.31,8305.0,8381.24,21516.596486,2018-05-21,8876.178500000002,587.7117451006562,10051.601990201314,7700.75500979869,0,0,8467.649812773705,84.0,36.0,8360.585,8952.73,-983.7600000000002,1
241,8386.89,8400.18,7935.11,7977.11,23710.902858,2018-05-22,8812.642000000002,613.538098663505,10039.718197327013,7585.565802672992,0,0,8379.271792468919,100.0,32.0,8320.225,8920.555,-1210.4499999999998,1
242,7977.12,8031.9,7425.0,7501.95,42910.666774,2018-05-23,8700.239500000001,638.2021635771276,9976.643827154257,7423.8351728457465,0,0,8236.741195016328,100.0,28.000000000000004,8014.465,8682.975,-1808.0500000000002,1
243,7501.95,7730.73,7266.99,7575.01,37845.446595,2018-05-24,8593.290500000003,638.6015811581485,9870.4936623163,7316.087337683706,0,0,8120.196630058393,96.0,24.0,8014.465,8682.975,-1427.1900000000005,1
244,7578.99,7649.55,7308.15,7457.0,26739.95664,2018-05-25,8472.940500000002,612.8105497020359,9698.561599404075,7247.31940059593,0,0,8007.169337910469,100.0,20.0,7991.99,8660.5,-943.0,1
245,7456.99,7620.0,7300.0,7333.96,19464.086071,2018-05-26,8356.688000000002,596.2788764770169,9549.245752954035,7164.130247045969,0,0,7902.232934079026,100.0,16.0,7930.469999999999,8598.98,-1131.9800000000005,0
246,7334.0,7400.0,7231.11,7338.99,18706.945515,2018-05-27,8255.3875,588.0029437796084,9431.393387559217,7079.381612440784,0,0,7809.854731048397,96.0,12.0,7930.469999999999,8598.98,-1340.7199999999993,0
247,7338.99,7437.0,7058.02,7099.0,27219.438963,2018-05-28,8150.959500000002,599.09511206469,9349.149724129382,6952.769275870622,0,0,7690.177815998114,100.0,8.0,7812.99,8481.5,-1564.3400000000001,0
248,7099.0,7540.0,7032.95,7461.29,39407.21183,2018-05-29,8058.524000000002,551.5894171955932,9161.702834391188,6955.3451656088155,0,0,7638.1297319046425,96.0,4.0,7740.12,8481.5,-1000.71,0
249,7467.98,7569.0,7260.5,7375.96,32041.583623,2018-05-30,7977.212000000001,524.3493819322215,9025.910763864444,6928.513236135558,0,0,7584.183326540849,92.0,4.0,7538.055,8481.5,-954.04,0
250,7382.07,7699.0,7327.51,7485.01,30776.063102,2018-05-31,7931.4625000000015,525.4349573236481,8982.332414647297,6880.592585352705,0,0,7555.311371739327,88.0,4.0,7337.005,8379.005000000001,-556.4499999999998,0
251,7485.01,7608.55,7355.54,7521.01,28259.124078,2018-06-01,7884.216000000002,517.2659101712932,8918.747820342589,6849.684179657415,0,0,7540.876166985509,84.0,8.0,7337.005,8232.0,-718.7999999999993,0
252,7521.01,7697.33,7437.0,7640.03,26720.690219,2018-06-02,7832.232000000002,484.3055684021584,8800.843136804318,6863.620863195685,0,0,7541.576117095086,80.0,4.0,7369.514999999999,8204.5,-593.46,0
253,7636.81,7786.69,7600.0,7714.26,27505.158951,2018-06-03,7784.778000000003,443.3499883317468,8671.477976663497,6898.078023336509,0,0,7553.037856261065,76.0,4.0,7406.63,8204.5,-812.7199999999993,1
254,7714.26,7760.52,7446.5,7487.0,32258.835115,2018-06-04,7736.028000000003,417.83501408554366,8571.69802817109,6900.357971828916,0,0,7524.505995460649,72.0,12.0,7406.63,8050.6,-894.2399999999998,0
255,7487.0,7679.49,7358.0,7625.0,31722.973384,2018-06-05,7700.778000000003,394.1552666894421,8489.088533378886,6912.467466621119,0,0,7522.322870300313,68.0,8.0,7406.63,7889.355,-352.1099999999997,1
256,7626.64,7699.0,7467.05,7658.84,27229.991898,2018-06-06,7681.647000000003,385.94953163535774,8453.546063270718,6909.747936729287,0,0,7533.182005856007,64.0,4.0,7545.110000000001,7889.355,156.89000000000033,1
257,7658.79,7765.0,7620.0,7691.08,25062.227202,2018-06-07,7654.210500000003,363.0043928033829,8380.219285606769,6928.201714393237,0,0,7556.606838888936,60.0,4.0,7545.110000000001,7889.355,116.06999999999971,1
258,7691.08,7703.5,7531.0,7603.44,23396.804671,2018-06-08,7622.708000000003,336.4549198802996,8295.617839760602,6949.798160239404,0,0,7563.015301198213,56.00000000000001,24.0,7599.635,7881.17,146.4399999999996,1
259,7603.44,7683.98,7450.0,7491.73,19339.885176,2018-06-09,7570.945500000003,261.2416311927316,8093.428762385467,7048.46223761454,0,0,7554.781790688003,52.0,20.0,7600.63,7812.99,157.76999999999953,1
260,7491.73,7491.73,6622.81,6764.99,52342.020032,2018-06-10,7490.133000000003,246.98929186479543,7984.111583729595,6996.154416270412,0,1,7444.964259326853,100.0,16.0,7239.625,7645.985,-574.0,1
261,6765.0,6922.0,6610.0,6872.0,34552.162303,2018-06-11,7434.877500000004,255.77013705531712,7946.417774110639,6923.33722588937,0,1,7364.2385360772605,96.0,12.0,7239.625,7645.985,-227.0,1
262,6872.0,6890.51,6435.0,6530.0,36722.211191,2018-06-12,7386.280000000003,325.2544855309167,8036.7889710618365,6735.77102893817,0,1,7248.864576614026,100.0,8.0,7110.54,7528.49,-931.29,1
263,6530.0,6627.6,6118.68,6292.78,46185.5181,2018-06-13,7322.1685000000025,403.1413931962906,8128.451286392584,6515.885713607421,0,1,7106.5708474222865,100.0,4.0,6991.93,7409.879999999999,-1083.1800000000003,0
264,6292.78,6720.0,6260.0,6635.98,44478.130837,2018-06-14,7281.117500000003,429.62089208343104,8140.359284166865,6421.875715833141,0,0,7033.319146972889,96.0,4.0,6991.93,7409.879999999999,-849.0300000000007,0
265,6638.67,6666.66,6362.31,6388.9,30018.329905,2018-06-15,7233.864500000003,473.25918817764574,8180.382876355295,6287.346123644712,0,0,6931.395223751034,92.0,4.0,6991.93,7337.01,-1132.1100000000006,0
266,6380.01,6560.0,6320.86,6483.98,22277.241147,2018-06-16,7191.114000000004,501.0638268136548,8193.241653627314,6188.986346372694,0,0,6855.248709976123,88.0,48.0,6948.11,7134.945,-1156.0500000000002,0
267,6482.5,6589.03,6422.0,6449.61,19847.247688,2018-06-17,7158.644500000004,527.6807266708056,8214.005953341615,6103.283046658393,0,0,6781.333521388009,84.0,44.0,6892.254999999999,7003.52,-1264.6500000000005,1
268,6444.06,6794.38,6380.0,6712.46,31821.434995,2018-06-18,7121.203000000003,531.6281361421612,8184.459272284325,6057.946727715681,0,0,6753.191621355119,80.0,40.0,6582.389999999999,7003.52,-774.54,1
269,6711.39,6841.74,6653.0,6741.21,24311.421143,2018-06-19,7089.465500000003,534.5578202440234,8158.58114048805,6020.349859511956,0,0,6737.1527930258835,76.0,36.0,6582.389999999999,7003.52,-883.79,1
270,6740.0,6817.23,6551.81,6761.51,26359.752452,2018-06-20,7053.290500000003,530.8491681158647,8114.988836231732,5991.592163768273,0,0,6723.361449051885,72.0,32.0,6527.145,7003.52,-897.3299999999999,1
271,6763.21,6795.0,6672.57,6718.84,25428.854048,2018-06-21,7013.1820000000025,523.9092788743319,8061.000557748666,5965.363442251339,0,0,6704.468510615724,68.0,28.000000000000004,6527.145,7003.52,-972.2399999999998,1
272,6717.69,6733.97,5918.94,6045.0,52157.370833,2018-06-22,6933.430500000002,544.4635047600752,8022.357509520152,5844.503490479852,0,0,6589.940314082288,100.0,24.0,6403.255,6879.63,-1558.4399999999996,0
273,6045.92,6260.0,6008.48,6149.98,26622.788589,2018-06-23,6855.216500000002,538.7178264544779,7932.652152908958,5777.780847091047,0,0,6506.606272553859,96.0,20.0,6403.255,6879.63,-1341.75,1
274,6149.98,6259.8,5750.0,6136.97,47445.998955,2018-06-24,6787.715000000002,539.9668424567691,7867.64868491354,5707.781315086464,0,0,6433.987150733473,92.0,16.0,6403.255,6879.63,-628.0199999999995,0
275,6137.95,6350.0,6061.97,6252.0,39164.515306,2018-06-25,6719.065000000002,514.5978280530782,7748.260656106158,5689.869343893846,0,0,6401.236675806975,88.0,12.0,6403.255,6879.63,-620.0,0
276,6252.0,6272.54,6035.0,6070.78,19377.240484,2018-06-26,6639.662000000002,483.53997442773925,7606.741948855481,5672.582051144524,0,0,6344.307712918702,84.0,8.0,6403.255,6879.63,-459.22000000000025,0
277,6065.89,6190.43,5971.0,6133.73,19225.671098,2018-06-27,6561.794500000004,427.45437782399233,7416.703255647988,5706.885744352019,0,0,6310.259179243094,80.0,4.0,6403.255,6879.63,-159.05000000000018,0
278,6134.73,6173.01,5827.0,5853.98,30585.266026,2018-06-28,6474.321500000004,379.3743576397628,7233.070215279529,5715.572784720478,0,0,6244.668728746972,100.0,16.0,6307.745,6784.12,-782.0,0
279,5851.01,6300.0,5780.0,6197.92,33911.287278,2018-06-29,6409.631000000005,298.4304273133461,7006.491854626697,5812.7701453733125,0,0,6230.284012797336,96.0,12.0,6286.41,6772.53,-190.97999999999956,0
280,6197.92,6528.99,6186.03,6390.07,37919.61284,2018-06-30,6390.885000000004,286.46925457350653,6963.823509147017,5817.946490852991,0,0,6250.280073406231,92.0,8.0,6122.025,6772.53,-93.90999999999985,0
281,6391.08,6441.06,6251.0,6356.81,27562.965974,2018-07-01,6365.125500000005,263.1435937895506,6891.412687579106,5838.838312420903,0,0,6261.1168026385,88.0,4.0,6122.025,6772.53,-92.79999999999927,0
282,6360.82,6685.0,6271.62,6615.29,36230.452264,2018-07-02,6369.390000000005,266.62426008011613,6902.638520160237,5836.141479839773,0,0,6308.618817021707,84.0,4.0,6234.635,6772.53,-97.17000000000007,0
283,6615.29,6679.35,6463.01,6513.86,38657.781691,2018-07-03,6380.444000000005,267.8609316793161,6916.165863358638,5844.722136641372,0,0,6330.401738723028,80.0,4.0,6234.635,6728.709999999999,-227.35000000000036,0
284,6511.01,6784.92,6441.11,6586.98,23571.892777,2018-07-04,6377.994000000005,265.61532510500524,6909.224650210015,5846.763349789995,0,0,6359.46690435169,76.0,8.0,6234.635,6672.855,-174.53000000000065,0
285,6585.53,6712.0,6453.33,6529.2,35071.972898,2018-07-05,6385.0090000000055,267.76252506771266,6920.534050135431,5849.48394986458,0,0,6376.154050563632,72.0,4.0,6234.635,6362.99,-189.64000000000033,1
286,6529.2,6648.54,6425.0,6609.78,29397.094748,2018-07-06,6391.299000000005,271.6590440803274,6934.61708816066,5847.9809118393505,0,0,6403.230884443554,68.0,36.0,6234.635,6362.99,564.7799999999997,1
287,6609.79,6818.16,6508.88,6756.98,23973.876886,2018-07-07,6406.667500000005,283.56496457714394,6973.797429154293,5839.537570845717,0,0,6461.331435213413,64.0,32.0,6477.45,6307.745,607.0,1
288,6753.48,6780.0,6667.44,6712.1,24622.947794,2018-07-08,6406.649500000005,283.54454269007033,6973.738585380146,5839.560414619864,0,0,6503.637504679932,60.0,28.000000000000004,6556.895,6307.745,575.1300000000001,1
289,6712.1,6802.06,6612.24,6662.12,26732.40655,2018-07-09,6402.695000000005,279.150434156181,6960.995868312367,5844.3941316876435,0,0,6533.686988667867,56.00000000000001,24.0,6556.895,6307.745,410.1199999999999,1
290,6662.78,6681.0,6263.0,6296.91,38560.672702,2018-07-10,6379.465000000005,266.77646239798764,6913.01792479598,5845.912075204029,0,0,6504.965502936036,52.0,20.0,6526.945,6307.745,226.1300000000001,0
291,6296.91,6406.0,6278.99,6378.07,28715.498487,2018-07-11,6362.426500000004,254.56301904668766,6871.55253809338,5853.300461906629,0,0,6495.094986922387,48.0,16.0,6526.945,6307.745,244.34000000000015,0
292,6378.07,6380.28,6070.0,6250.57,31306.663348,2018-07-12,6372.7050000000045,245.04388705764913,6862.792774115303,5882.617225884706,0,0,6466.80746479483,44.0,12.0,6503.775,6307.745,396.59000000000015,0
293,6251.4,6350.0,6110.0,6214.57,26375.325286,2018-07-13,6375.934500000005,242.36502312976233,6860.66454625953,5891.20445374048,0,0,6442.308426383239,40.0,8.0,6485.775,6307.745,16.649999999999636,0
294,6214.57,6335.0,6178.0,6251.99,17783.071999,2018-07-14,6381.685500000005,237.71632929951926,6857.118158599043,5906.252841400967,0,0,6419.572859082636,36.0,4.0,6485.775,6307.745,-138.07999999999993,0
295,6250.9,6395.0,6225.4,6353.01,22979.211508,2018-07-15,6386.736000000006,235.88197488999822,6858.499949780003,5914.97205022001,0,0,6410.529920116761,32.0,68.0,6485.775,6307.745,-3.800000000000182,0
296,6354.15,6747.3,6330.4,6723.35,36204.87708,2018-07-16,6419.364500000006,235.00887175830226,6889.38224351661,5949.346756483402,0,0,6456.779085594141,28.000000000000004,64.0,6468.96,6305.48,108.0600000000004,0
297,6723.33,7468.99,6652.04,7317.44,52105.423459,2018-07-17,6478.550000000007,299.49503942839146,7077.5400788567895,5879.559921143224,1,0,6578.051949673043,24.0,100.0,6766.004999999999,6585.709999999999,803.5799999999999,0
298,7317.44,7588.08,7225.38,7381.9,59487.64345,2018-07-18,6554.946000000006,325.5339626134936,7206.013925226994,5903.878074773019,1,0,6695.457664954073,20.0,100.0,6798.235,6617.94,794.9200000000001,0
299,7381.88,7576.28,7270.0,7466.21,41218.256437,2018-07-19,6618.360500000005,372.472633561814,7363.305767123633,5873.415232876378,1,0,6808.944594127358,16.0,100.0,6840.389999999999,6660.094999999999,937.0100000000002,0
300,7468.86,7700.0,7273.0,7337.53,46140.313447,2018-07-20,6665.733500000005,401.0634276557745,7467.860355311554,5863.606644688456,0,0,6890.77827631047,12.0,96.0,6840.389999999999,6660.094999999999,727.75,0
301,7337.47,7458.47,7211.0,7398.78,28886.490291,2018-07-21,6717.832000000005,425.7392304983955,7569.310460996796,5866.353539003214,0,0,6969.662109339097,8.0,92.0,6840.389999999999,6660.094999999999,641.8000000000002,0
302,7399.25,7582.4,7335.5,7394.79,30270.21844,2018-07-22,6756.807000000005,450.8004702060509,7658.407940412107,5855.206059587904,0,0,7035.238868955216,4.0,88.0,6859.1,6660.094999999999,682.6899999999996,0
303,7394.78,7833.0,7375.0,7721.01,41646.346671,2018-07-23,6817.164500000006,495.1875688802389,7807.539637760484,5826.789362239529,0,0,7140.6315982318365,4.0,100.0,7037.01,6787.495,1058.8900000000003,0
304,7721.65,8486.0,7696.0,8397.24,60121.163749,2018-07-24,6907.677500000005,604.3180348379165,8116.313569675838,5699.041430324172,1,0,7331.538348723593,56.00000000000001,100.0,7560.295,7297.58,2100.33,1
305,8397.24,8491.77,8050.0,8175.64,48257.649124,2018-07-25,6989.999500000005,659.6550496919155,8309.309599383836,5670.689400616175,0,0,7473.681807772523,52.0,96.0,7857.34,7305.905,1797.5700000000006,1
306,8175.63,8315.69,7850.06,7920.0,43223.481682,2018-07-26,7055.510500000006,684.4994770094037,8424.509454018813,5686.511545981199,0,0,7559.535537993298,48.0,92.0,7867.385,7305.905,1669.4300000000003,1
307,7920.0,8285.0,7805.0,8188.57,43671.005891,2018-07-27,7127.090000000006,725.2760643623466,8577.6421287247,5676.537871275313,0,0,7675.951221974416,44.0,88.0,7867.385,7305.905,1974.0,1
308,8188.57,8246.54,8067.0,8225.04,26215.173839,2018-07-28,7202.7370000000055,757.8817485674592,8718.500497134924,5686.973502865087,0,0,7783.78668755563,40.0,84.0,7867.385,7305.905,1973.050000000001,1
309,8225.04,8294.51,8115.0,8211.0,25531.226185,2018-07-29,7280.181000000006,778.5846208676792,8837.350241735365,5723.011758264647,0,0,7875.38437271483,36.0,80.0,7896.014999999999,7305.905,1857.9899999999998,1
310,8210.99,8273.0,7866.0,8173.92,39692.416542,2018-07-30,7374.031500000006,766.8622136190211,8907.75592723805,5840.307072761964,0,0,7948.204726714475,32.0,76.0,7896.014999999999,7305.905,1450.5699999999997,1
311,8171.4,8180.0,7633.0,7730.93,48296.915587,2018-07-31,7441.6745000000055,733.3198182058804,8908.314136411766,5975.034863588245,0,0,7940.690791944365,28.000000000000004,72.0,8059.125,7305.905,413.4900000000007,1
312,7735.67,7750.0,7430.0,7604.58,42582.312932,2018-08-01,7509.375000000005,677.9823890625996,8865.339778125204,6153.410221874805,0,0,7904.275487879475,24.0,68.0,8000.91,7305.905,222.6800000000003,1
313,7600.08,7709.46,7455.72,7525.71,37665.696684,2018-08-02,7574.932000000003,605.7329060916093,8786.397812183222,6363.466187816784,0,0,7859.7587537860145,20.0,64.0,7875.375,7305.905,59.5,1
314,7525.71,7540.0,7282.44,7418.78,44669.486047,2018-08-03,7633.271500000004,522.0139483645861,8677.299396729177,6589.243603270832,0,0,7803.711637723443,16.0,60.0,7821.91,7305.905,81.25,1
315,7412.27,7494.81,6926.0,7009.84,36288.42601,2018-08-04,7666.113000000003,453.37905181226,8572.871103624522,6759.354896375483,0,0,7698.088509825915,12.0,56.00000000000001,7617.4400000000005,7305.905,-388.9399999999996,1
316,7009.84,7089.87,6882.29,7024.19,32894.849782,2018-08-05,7681.155000000003,424.5267678809509,8530.208535761905,6832.1014642381015,0,0,7606.547584811762,8.0,52.0,7617.4400000000005,7305.905,-370.60000000000036,1
317,7024.19,7160.0,6821.0,6934.82,32760.191643,2018-08-06,7662.024000000003,449.6574125218757,8561.338825043755,6762.709174956251,0,0,7513.613319127916,4.0,48.0,7572.91,7305.905,-786.1900000000005,1
318,6935.0,7150.46,6670.0,6720.06,45438.473501,2018-08-07,7628.932000000003,493.5675230679668,8616.067046135937,6641.79695386407,0,0,7394.90301734957,4.0,44.0,7446.99,7305.905,-1677.1799999999994,1
319,6720.63,6721.54,6123.0,6285.0,59550.536319,2018-08-08,7569.871500000004,577.5848543199673,8725.04120863994,6414.701791360069,0,1,7214.981499660417,100.0,40.0,7007.965,7324.615,-1890.6400000000003,1
320,6283.27,6622.81,6178.6,6529.79,51941.185111,2018-08-09,7529.484500000004,621.2739786115453,8772.032457223095,6286.9365427769135,0,0,7097.242413947647,96.0,36.0,6944.79,7341.12,-1390.21,1
321,6529.79,6575.88,6026.39,6144.01,59034.974902,2018-08-10,7466.746000000005,694.2386708391465,8855.223341678298,6078.268658321712,0,0,6943.4607944429845,100.0,32.0,6834.860000000001,7270.625,-2044.5599999999995,0
322,6148.13,6488.0,5971.0,6232.35,47133.418555,2018-08-11,7408.624000000005,747.2184134607645,8903.060826921534,5914.187173078476,0,0,6816.430322377448,96.0,28.000000000000004,6781.395,7270.625,-1992.6900000000005,0
323,6222.55,6472.3,6130.0,6308.33,38567.770712,2018-08-12,7337.990000000003,782.0906672839913,8902.171334567985,5773.808665432021,0,0,6715.546510055322,92.0,24.0,6584.1,7270.625,-1902.67,0
324,6308.56,6545.0,6145.04,6246.35,53895.828783,2018-08-13,7230.445500000004,776.6324526168871,8783.710405233778,5677.180594766231,0,0,6618.590958650923,88.0,20.0,6584.1,7270.625,-1927.5699999999997,0
325,6248.25,6250.33,5880.0,6188.08,50186.745091,2018-08-14,7131.067500000003,776.4838025821665,8684.035105164336,5578.09989483567,0,0,6526.057946728155,84.0,16.0,6539.415,7270.625,-1542.8500000000004,0
326,6188.08,6609.0,6172.11,6267.16,68806.687026,2018-08-15,7048.425500000003,776.054206377798,8600.5339127556,5496.317087244407,0,0,6465.155680717067,80.0,12.0,6432.035,7270.625,-1337.42,1
327,6265.27,6480.0,6205.6,6311.75,48515.254618,2018-08-16,6954.584500000003,743.7310329928937,8442.046565985791,5467.122434014215,0,0,6420.77287012083,76.0,8.0,6336.9,7270.625,-1213.96,0
328,6316.0,6585.0,6285.4,6584.49,57851.610803,2018-08-17,6872.5570000000025,684.3330862434377,8241.223172486878,5503.890827513127,0,0,6422.885966961779,72.0,4.0,6364.25,7270.625,-834.29,1
329,6579.04,6620.0,6288.0,6387.96,53742.322172,2018-08-18,6781.405000000002,614.5239720261849,8010.452944052371,5552.357055947632,0,0,6398.421690469423,68.0,16.0,6364.25,7270.625,-621.8800000000001,0
330,6387.96,6541.0,6300.0,6477.53,45190.847994,2018-08-19,6696.585500000001,522.368571760399,7741.322643520799,5651.848356479203,0,0,6397.931454170477,64.0,12.0,6386.285,7184.525000000001,-546.6599999999999,0
331,6477.53,6530.0,6220.0,6254.84,49435.55526,2018-08-20,6622.781000000001,470.209249510651,7563.1994990213025,5682.362500978699,0,0,6365.044532949855,60.0,8.0,6386.285,7184.525000000001,-679.9799999999996,0
332,6251.0,6500.0,6235.08,6480.0,41569.947408,2018-08-21,6566.5520000000015,410.0103437027728,7386.572687405547,5746.531312594456,0,0,6370.546061461641,56.00000000000001,4.0,6386.285,7184.525000000001,-240.0600000000004,0
333,6479.98,6882.54,6251.2,6360.89,77909.391359,2018-08-22,6508.311000000002,344.0114490584105,7196.333898116824,5820.288101883181,0,0,6362.3360957032755,52.0,4.0,6386.285,7184.525000000001,75.89000000000033,0
334,6362.57,6576.99,6342.28,6525.01,40358.166825,2018-08-23,6463.622500000002,269.4944077710101,7002.611315542023,5924.633684457982,0,0,6387.349956113447,48.0,4.0,6419.665,7177.505,-4.779999999999745,0
335,6525.0,6725.0,6440.5,6681.64,38305.675322,2018-08-24,6447.212500000003,243.1925587046642,6933.597617409332,5960.8273825906745,0,0,6427.096924308538,44.0,4.0,6468.24,7158.965,537.6300000000001,0
336,6686.98,6789.0,6650.61,6733.64,19220.505929,2018-08-25,6432.685000000003,213.81577211556348,6860.31654423113,6005.053455768876,0,0,6476.911187003542,40.0,4.0,6494.24,6937.47,501.28999999999996,0
337,6733.64,6775.27,6568.0,6700.0,20107.297208,2018-08-26,6420.944000000003,189.90125315987436,6800.7465063197515,6041.141493680255,0,0,6513.915347887175,36.0,4.0,6494.24,6874.295,391.6700000000001,0
338,6700.0,6940.51,6646.5,6908.64,37747.078747,2018-08-27,6430.373000000004,209.23244681732362,6848.837893634652,6011.908106365357,1,0,6574.960542154012,32.0,4.0,6581.74,6834.860000000001,662.29,0
339,6907.26,7135.0,6860.0,7076.11,48352.917163,2018-08-28,6469.928500000004,250.92841626092422,6971.785332521852,5968.071667478155,1,0,6653.782564705111,28.000000000000004,100.0,6665.475,6781.395,888.0299999999997,0
340,7077.0,7133.81,6912.34,7031.22,43252.487392,2018-08-29,6495.000000000004,280.5285873604071,7056.057174720818,5933.9428252791895,0,0,6717.401462514703,24.0,96.0,6718.5,6610.0599999999995,764.0600000000004,0
341,7033.21,7063.63,6784.81,6984.84,44716.77462,2018-08-30,6537.041500000005,288.0633126001317,7113.168125200268,5960.9148747997415,0,0,6764.824327426345,20.0,92.0,6718.5,6610.0599999999995,673.0900000000001,0
342,6984.84,7089.0,6888.0,7011.21,40467.400638,2018-08-31,6575.984500000004,297.2059963000181,7170.396492600041,5981.572507399967,0,0,6809.260337694147,16.0,88.0,6800.5599999999995,6610.0599999999995,426.72000000000025,1
343,7011.21,7275.0,7008.74,7200.01,40323.414093,2018-09-01,6620.568500000006,320.8796226704123,7262.32774534083,5978.8092546591815,0,0,6870.105216946395,12.0,100.0,6940.825000000001,6672.01,812.0500000000002,1
344,7201.57,7345.45,7127.0,7302.01,39814.840352,2018-09-02,6673.351500000006,342.19977568181395,7357.751051363634,5988.951948636378,0,0,6941.915109045477,8.0,100.0,7001.005,6723.01,824.4800000000005,1
345,7302.0,7338.28,7191.63,7263.02,32396.018371,2018-09-03,6727.0985000000055,346.361444467372,7419.82138893475,6034.375611065261,0,0,6997.36840135655,4.0,96.0,7001.005,6723.01,1008.1800000000003,1
346,7263.0,7410.0,7227.17,7359.06,35300.640518,2018-09-04,6781.693500000006,355.9700155362686,7493.633531072543,6069.753468927469,0,0,7064.109506688011,16.0,100.0,7133.85,6751.535,879.0600000000004,1
347,7359.05,7397.3,6682.0,6700.0,63715.256267,2018-09-05,6801.106000000005,339.1838826609297,7479.473765321864,6122.738234678146,0,0,7022.885293465872,12.0,96.0,7029.530000000001,6773.57,339.1099999999997,1
348,6697.27,6725.0,6265.0,6516.01,60644.464227,2018-09-06,6797.682000000006,341.8210659273069,7481.32413185462,6114.039868145393,0,0,6962.550351690192,8.0,92.0,6937.535,6773.57,-9.0,1
349,6516.84,6544.0,6320.0,6395.54,38906.28805,2018-09-07,6798.061000000007,341.3467429232508,7480.754485846509,6115.367514153505,0,0,6889.149701624411,4.0,88.0,6877.3,6773.57,-286.10000000000036,1
350,6395.54,6478.0,6111.0,6185.05,38215.032171,2018-09-08,6783.437000000007,361.4735570020036,7506.384114004014,6060.489885996,0,0,6791.454918708668,100.0,84.0,6772.055,6772.055,-548.5900000000001,0
351,6185.06,6441.0,6141.53,6250.81,37053.92382,2018-09-09,6783.235500000007,361.7847161894207,7506.804932378848,6059.666067621166,0,0,6714.460270828152,96.0,80.0,6772.055,6772.055,-449.1899999999996,0
352,6252.26,6373.98,6221.0,6312.0,32439.456432,2018-09-10,6774.8355000000065,371.02811387994916,7516.891727759905,6032.779272240108,0,0,6656.587662682916,92.0,76.0,6772.055,6772.055,-596.6400000000003,0
353,6311.99,6404.0,6169.68,6294.91,33104.88859,2018-09-11,6771.5365000000065,375.1726132593356,7521.881726518678,6021.191273481335,0,0,6599.411684112871,88.0,72.0,6772.055,6772.055,-781.1999999999998,0
354,6293.0,6360.0,6192.37,6338.62,31433.645939,2018-09-12,6762.217000000006,383.8338198684937,7529.884639736993,5994.549360263019,0,0,6552.433428136392,84.0,68.0,6772.055,6772.055,-692.6000000000004,1
355,6338.62,6535.0,6337.4,6487.38,40465.063107,2018-09-13,6752.504000000005,388.41076333953146,7529.325526679068,5975.682473320942,0,0,6533.698167137882,80.0,64.0,6442.525,6772.055,-497.46000000000004,1
356,6487.39,6584.99,6385.62,6476.63,37173.339277,2018-09-14,6739.653500000005,393.28865834390047,7526.230816687806,5953.076183312204,0,0,6516.655763756486,76.0,60.0,6350.530000000001,6772.055,-534.5799999999999,1
357,6476.63,6565.45,6466.13,6514.96,25243.656612,2018-09-15,6730.4015000000045,396.434516106876,7523.270532213756,5937.532467786253,0,0,6506.768102263047,72.0,56.00000000000001,6350.005,6772.055,-685.0500000000002,1
358,6514.96,6524.62,6370.0,6505.0,27568.132897,2018-09-16,6710.219500000004,397.1567897003702,7504.533079400744,5915.9059205992635,0,0,6492.996052667056,68.0,52.0,6350.005,6772.055,-797.0100000000002,0
359,6500.08,6533.84,6201.0,6248.69,35987.254738,2018-09-17,6668.848500000005,400.1209833522727,7469.09046670455,5868.6065332954595,0,0,6441.920569143075,64.0,48.0,6381.825,6772.055,-1014.3300000000008,0
360,6248.69,6390.0,6224.98,6336.45,32620.86667,2018-09-18,6634.110000000005,397.1530008899543,7428.416001779914,5839.803998220096,0,0,6410.670843653601,60.0,44.0,6381.825,6772.055,-1022.6100000000006,0
361,6336.39,6517.7,6123.0,6391.89,39044.080082,2018-09-19,6604.462500000006,391.68724947180954,7387.836998943625,5821.088001056387,0,0,6389.465730715661,56.00000000000001,40.0,6381.825,6772.055,-308.1099999999997,0
362,6392.0,6540.0,6325.0,6492.0,25189.024728,2018-09-20,6578.502000000006,380.35194647243657,7339.205892944879,5817.798107055132,0,0,6398.22701063219,52.0,36.0,6381.825,6772.055,-24.01000000000022,1
363,6492.0,6784.86,6491.0,6759.02,51779.343463,2018-09-21,6556.452500000005,354.31738714092467,7265.087274281854,5847.817725718156,0,0,6448.064249518709,48.0,32.0,6503.855,6772.055,363.4800000000005,1
364,6759.01,6839.03,6627.0,6723.05,29349.690667,2018-09-22,6527.504500000005,311.22968442657833,7149.963868853161,5905.045131146848,0,0,6488.823131940419,44.0,28.000000000000004,6503.855,6772.055,538.0,1
365,6723.05,6788.23,6661.75,6708.0,30286.229773,2018-09-23,6499.753500000004,263.2396974199407,7026.232894839885,5973.274105160123,0,0,6526.416517769654,40.0,24.0,6503.855,6772.055,457.1899999999996,1
366,6706.81,6730.0,6557.0,6581.39,35305.73991,2018-09-24,6460.870000000004,170.8532693650986,6802.576538730202,6119.163461269807,0,0,6539.733724335446,36.0,20.0,6503.855,6772.055,269.3900000000003,0
367,6581.42,6584.01,6325.02,6447.54,40301.029452,2018-09-25,6448.247000000005,161.31591803566894,6770.878836071342,6125.615163928667,0,0,6530.852215415936,32.0,16.0,6503.855,6772.055,152.6300000000001,0
368,6445.11,6557.99,6379.7,6465.12,33484.54207,2018-09-26,6445.702500000005,160.59053311173665,6766.883566223478,6124.521433776532,0,0,6525.954377394082,28.000000000000004,12.0,6547.735000000001,6772.055,126.5,0
369,6467.84,6750.0,6434.0,6689.13,33087.428297,2018-09-27,6460.382000000004,168.9640235955129,6798.31004719103,6122.453952808978,0,0,6553.185438956911,24.0,8.0,6575.455,6772.055,201.75,1
370,6689.12,6814.8,6540.88,6634.58,42399.448523,2018-09-28,6482.858500000004,160.07586294548685,6803.010225890977,6162.70677410903,0,0,6566.229807890752,20.0,4.0,6603.280000000001,6772.055,157.94999999999982,1
371,6634.58,6636.0,6464.57,6596.38,30255.9597,2018-09-29,6500.137000000004,152.1652580553708,6804.467516110746,6195.806483889262,0,0,6572.333421199339,16.0,68.0,6603.280000000001,6772.055,81.42000000000007,1
372,6597.66,6662.0,6533.0,6626.57,27764.724519,2018-09-30,6515.865500000004,147.8927612721079,6811.65102254422,6220.079977455789,0,0,6581.289122265139,12.0,64.0,6585.295,6472.035,121.56999999999971,0
373,6626.57,6667.09,6510.0,6611.61,20621.506894,2018-10-01,6531.700500000004,139.71848381978214,6811.137467639568,6252.263532360439,0,0,6587.157872626945,8.0,60.0,6577.77,6472.035,362.9200000000001,1
374,6610.0,6640.0,6494.0,6525.79,28245.810088,2018-10-02,6541.059000000004,132.16956090808227,6805.398121816168,6276.71987818384,0,0,6584.889677430627,4.0,56.00000000000001,6568.335,6472.035,189.34000000000015,0
375,6525.79,6549.0,6430.0,6510.0,28451.969138,2018-10-03,6542.190000000004,131.78225801079864,6805.754516021601,6278.625483978407,0,0,6578.91227868821,36.0,52.0,6568.335,6472.035,118.10999999999967,0
376,6510.01,6643.46,6505.09,6593.79,20074.300818,2018-10-04,6548.048000000004,131.3177805177529,6810.68356103551,6285.4124389644985,0,0,6584.708562149858,32.0,48.0,6577.125,6503.855,101.78999999999996,0
377,6591.69,6697.0,6543.08,6635.65,16096.552392,2018-10-05,6554.082500000004,132.48511753104117,6819.052735062087,6289.112264937921,0,0,6593.877074154334,28.000000000000004,44.0,6599.5650000000005,6503.855,-123.3700000000008,1
378,6635.65,6651.0,6566.77,6594.27,10939.505391,2018-10-06,6558.546000000004,132.24803404807977,6823.042068096163,6294.0499319038445,0,0,6590.713957953187,24.0,40.0,6572.825,6503.855,-128.77999999999975,1
379,6596.44,6640.0,6525.0,6615.26,17406.831762,2018-10-07,6576.8745000000035,110.68883994928443,6798.252179898573,6355.496820101434,0,0,6591.680565379387,20.0,36.0,6572.825,6503.855,-92.73999999999978,1
380,6615.26,6715.6,6587.0,6673.01,23123.419541,2018-10-08,6593.702500000004,96.94350741731196,6787.589514834628,6399.81548516538,0,0,6601.164523187719,16.0,32.0,6591.505,6503.855,91.61999999999989,1
381,6673.01,6685.38,6607.0,6656.61,15354.779469,2018-10-09,6606.938500000002,85.31306540804499,6777.564630816092,6436.312369183912,0,0,6609.56181832591,12.0,28.000000000000004,6591.505,6503.855,209.0699999999997,1
382,6656.67,6659.95,6530.0,6631.0,15390.661444,2018-10-10,6613.888500000003,81.01010673042612,6775.908713460855,6451.86828653915,0,0,6615.818623327848,8.0,24.0,6591.505,6503.855,165.8800000000001,0
383,6630.21,6633.92,6205.0,6252.68,48712.400332,2018-10-11,6588.571500000003,107.91798271129676,6804.407465422596,6372.735534577409,0,1,6566.284222261012,4.0,20.0,6462.845,6503.855,-436.4499999999998,0
384,6252.71,6360.0,6209.0,6298.01,29004.071419,2018-10-12,6567.319500000003,121.08894014797788,6809.497380295959,6325.141619704047,0,1,6525.124037630509,96.0,16.0,6462.845,6503.855,-336.5699999999997,0
385,6298.0,6345.0,6285.07,6332.93,19098.070025,2018-10-13,6548.566000000003,127.05192814917946,6802.669856298362,6294.462143701645,0,0,6495.218327617167,92.0,12.0,6462.845,6505.85,-263.4499999999998,0
386,6332.92,6416.0,6308.0,6339.34,15627.411314,2018-10-14,6536.4635000000035,135.03807464194514,6806.539649283894,6266.387350716113,0,0,6470.721869922899,88.0,8.0,6462.845,6505.85,-287.22999999999956,0
387,6339.34,7680.0,6300.0,6752.5,90748.031246,2018-10-15,6551.711500000004,141.53011598002337,6834.771731960051,6268.651268039957,0,0,6508.399470732938,84.0,4.0,6502.59,6505.85,140.89000000000033,1
388,6752.5,6900.0,6670.0,6759.27,27557.957764,2018-10-16,6566.419000000004,147.22716654026988,6860.873333080544,6271.964666919464,0,0,6542.637304597288,80.0,100.0,6505.975,6505.975,233.48000000000047,1
389,6762.76,6811.12,6676.01,6740.89,26641.431379,2018-10-17,6569.007000000005,149.9278981486293,6868.862796297264,6269.151203702746,0,0,6571.612828327134,76.0,96.0,6505.975,6505.975,230.89000000000033,1
390,6739.01,6796.0,6567.0,6618.96,20116.521941,2018-10-18,6568.226000000005,149.60868305824926,6867.443366116504,6269.008633883506,0,0,6579.655684824451,72.0,92.0,6505.975,6505.975,25.170000000000073,1
391,6618.96,6648.14,6523.0,6528.88,20772.60077,2018-10-19,6564.851000000005,149.70146615005615,6864.253932300117,6265.448067699893,0,0,6572.043134086666,68.0,88.0,6505.975,6505.975,-106.76999999999953,0
392,6528.88,6617.65,6505.55,6588.4,19240.722247,2018-10-20,6562.942500000005,149.1153780373215,6861.173256074648,6264.711743925362,0,0,6573.166480057059,64.0,84.0,6528.64,6505.975,-5.8700000000008,1
393,6585.72,6663.9,6580.0,6590.11,6515.357792,2018-10-21,6561.867500000005,148.82327180374455,6859.514043607494,6264.220956392515,0,0,6575.203309975048,60.0,80.0,6546.1,6505.975,-25.150000000000546,1
394,6590.12,6639.0,6535.27,6581.2,16213.69266,2018-10-22,6564.6380000000045,148.63193758268,6861.901875165365,6267.374124834644,0,0,6575.288807490084,56.00000000000001,76.0,6549.305,6505.975,-91.8100000000004,1
395,6581.2,6595.0,6515.45,6553.51,13856.601756,2018-10-23,6566.813500000006,148.10761909699858,6863.0287381940025,6270.598261806009,0,0,6570.23649166243,52.0,72.0,6644.075000000001,6505.975,-103.09999999999945,1
396,6553.51,6630.0,6547.53,6565.5,11951.543977,2018-10-24,6565.399000000005,147.97144948338257,6861.34189896677,6269.45610103324,0,0,6567.8680025790645,48.0,68.0,6644.075000000001,6505.975,-65.5,1
397,6566.81,6575.09,6502.8,6528.09,10342.701244,2018-10-25,6560.021000000005,147.23660660777026,6854.494213215546,6265.547786784465,0,0,6560.889252784102,44.0,64.0,6634.49,6505.975,275.40999999999985,1
398,6528.13,6600.0,6515.01,6538.63,9443.504156,2018-10-26,6557.239000000006,147.08099068237274,6851.400981364752,6263.07701863526,0,0,6563.6821889534,40.0,60.0,6573.525,6505.975,240.6199999999999,1
399,6538.63,6558.35,6463.04,6505.6,7776.907864,2018-10-27,6551.756000000007,146.8480099827637,6845.452019965534,6258.059980034479,0,0,6560.469425056436,36.0,56.00000000000001,6547.855,6505.975,172.67000000000007,1
400,6505.6,6514.17,6453.0,6489.93,5743.933728,2018-10-28,6542.602000000007,144.58041472555655,6831.7628294511205,6253.441170548894,0,0,6554.713122346548,32.0,52.0,6540.02,6505.975,150.59000000000015,1
401,6489.93,6505.01,6315.0,6344.5,13827.224067,2018-10-29,6526.9965000000075,148.42016742255984,6823.836834845127,6230.156165154888,0,0,6528.537089742261,28.000000000000004,48.0,6467.305,6505.975,-408.0,0
402,6344.5,6395.0,6317.01,6330.87,8877.175385,2018-10-30,6511.990000000008,152.46869411233274,6816.927388224673,6207.0526117753425,0,0,6495.607924468764,24.0,44.0,6456.035,6505.975,-428.40000000000055,0
403,6330.01,6428.0,6245.02,6371.93,12148.888216,2018-10-31,6517.9525000000085,143.88435604534317,6805.721212090695,6230.183787909322,0,0,6472.5959780437925,20.0,40.0,6448.1849999999995,6505.975,-368.96000000000004,0
404,6369.52,6442.65,6348.66,6410.0,9099.035841,2018-11-01,6523.552000000009,136.88323901126284,6797.318478022535,6249.785521977483,0,0,6458.3199152409325,16.0,36.0,6448.1849999999995,6505.975,-208.96000000000004,0
405,6410.0,6460.34,6388.2,6433.98,9739.440679,2018-11-02,6528.604500000009,131.2248457092821,6791.054191418572,6266.154808581445,0,0,6451.670757169624,12.0,32.0,6434.75,6505.975,-94.90000000000055,0
406,6432.8,6439.97,6345.0,6387.09,7661.241476,2018-11-03,6530.992000000008,127.9947659542686,6786.981531908546,6275.002468091471,0,0,6440.833595812537,8.0,28.000000000000004,6434.75,6505.975,-201.3099999999995,0
407,6388.0,6525.0,6359.0,6485.85,10592.394943,2018-11-04,6517.659500000009,117.13407457337951,6751.927649146768,6283.39135085325,0,0,6444.4611660044875,4.0,24.0,6418.235000000001,6505.975,-104.25999999999931,1
408,6485.85,6504.39,6431.02,6468.99,8987.882156,2018-11-05,6503.145500000008,102.71765073993292,6708.580801479874,6297.710198520142,0,0,6445.165719227604,4.0,20.0,6410.4,6505.975,-112.21000000000004,1
409,6468.99,6531.31,6445.18,6519.11,11926.565699,2018-11-06,6492.056500000008,86.37144364133903,6664.7993872826855,6319.31361271733,0,0,6453.198147461337,72.0,16.0,6424.99,6528.64,-34.400000000000546,1
410,6522.73,6615.15,6509.0,6578.46,14271.591117,2018-11-07,6490.031500000008,83.67215258850652,6657.375805177021,6322.6871948229955,0,0,6469.342344501811,68.0,12.0,6454.665,6545.07,12.960000000000036,1
411,6578.46,6594.0,6468.22,6479.84,13259.789282,2018-11-08,6487.579500000009,83.19095595362872,6653.961411907267,6321.197588092751,0,0,6468.984385810661,64.0,8.0,6475.195,6545.07,-48.25,1
412,6479.84,6511.53,6391.01,6419.99,11787.616583,2018-11-09,6479.159000000009,80.94164199955478,6641.042283999118,6317.2757160009,0,0,6460.752395494291,60.0,4.0,6482.775,6545.07,-118.64000000000033,1
413,6419.99,6475.55,6411.0,6433.05,7714.829926,2018-11-10,6471.306000000008,77.14032397694807,6625.586647953904,6317.025352046112,0,0,6455.231037955133,56.00000000000001,4.0,6482.775,6545.07,-72.55000000000018,1
414,6435.16,6462.14,6355.0,6449.81,8213.507117,2018-11-11,6464.736500000008,72.75922161019393,6610.254943220396,6319.21805677962,0,0,6453.465636317096,52.0,4.0,6482.775,6535.88,-40.11999999999989,1
415,6450.71,6497.0,6421.0,6453.07,10132.782567,2018-11-12,6459.714500000008,69.71186771165844,6599.138235423325,6320.290764576692,0,0,6452.697499719747,48.0,12.0,6499.225,6474.915,108.56999999999971,1
416,6451.68,6498.0,6391.15,6457.66,11790.564933,2018-11-13,6454.3225000000075,65.11824110885578,6584.558982217719,6324.086017782296,0,0,6455.5241622724325,44.0,8.0,6499.225,6460.49,126.78999999999996,1
417,6458.98,6482.84,5656.87,5922.41,46478.964003,2018-11-14,6424.038500000008,133.71497016083097,6691.46844032167,6156.608559678346,0,1,6380.920896511071,100.0,4.0,6250.4349999999995,6256.26,-449.52000000000044,1
418,5917.2,5939.54,5403.42,5753.4,47700.829401,2018-11-15,6384.777000000007,198.0841992452687,6780.945398490545,5988.60860150947,0,1,6290.420925164568,100.0,4.0,6165.93,6171.754999999999,-656.6000000000004,1
419,5757.09,5782.89,5549.25,5655.94,38721.802274,2018-11-16,6342.294000000007,254.02224511812167,6850.33849023625,5834.249509763764,0,1,6196.408438590099,100.0,64.0,6067.889999999999,6118.57,-778.04,1
420,5650.57,5656.6,5565.43,5628.29,26411.241413,2018-11-17,6299.212000000009,297.0825570463001,6893.377114092609,5705.046885907408,0,1,6109.684601018672,100.0,60.0,6042.975,6103.375,-758.8000000000002,1
421,5630.49,5738.17,5617.0,5662.0,23844.999347,2018-11-18,6265.087000000009,329.08171164318935,6923.250423286388,5606.92357671363,0,0,6039.586500844478,96.0,56.00000000000001,6042.975,6103.375,-823.8500000000004,1
422,5661.94,5664.0,4855.0,4910.03,70580.892856,2018-11-19,6194.045000000008,446.5371700625683,7087.119340125145,5300.970659874872,0,1,5867.6672079029,100.0,52.0,5683.844999999999,5744.245,-1558.96,1
423,4913.4,5048.24,4326.0,4558.86,117380.95159,2018-11-20,6103.391500000008,574.288539730834,7251.968579461676,4954.81442053834,0,1,5666.8233291912275,100.0,48.0,5508.26,5568.66,-1960.25,1
424,4559.91,4787.2,4413.85,4661.07,61071.829475,2018-11-21,6015.945000000009,652.9158864300631,7321.776772860135,4710.113227139883,0,1,5504.8768160397885,96.0,44.0,5508.26,5568.66,-1917.3900000000003,1
425,4661.08,4721.77,4335.0,4370.0,34531.119143,2018-11-22,5912.746000000008,740.5923997962143,7393.930799592437,4431.561200407579,0,1,5319.957513080467,100.0,40.0,5146.205,5474.23,-2109.84,1
426,4370.9,4484.0,4222.94,4420.61,49371.920322,2018-11-23,5814.422000000009,802.272442986088,7418.966885972184,4209.877114027833,0,0,5167.38900195125,96.0,36.0,5061.7,5474.23,-1999.38,1
427,4415.63,4527.0,3824.69,3932.44,61693.111006,2018-11-24,5686.7515000000085,888.3522872936554,7463.45607458732,3910.0469254126974,0,0,4964.51908661878,100.0,32.0,4797.22,5255.45,-2500.61,0
428,3933.68,4233.0,3652.66,4085.78,101693.975588,2018-11-25,5567.5910000000085,936.4393401598861,7440.46968031978,3694.7123196802363,0,0,4808.910536016381,96.0,28.000000000000004,4797.22,5255.45,-2364.03,1
429,4088.69,4206.0,3701.0,3862.2,94503.750767,2018-11-26,5434.745500000008,981.7134761623798,7398.172452324768,3471.3185476752487,0,0,4640.11949765353,100.0,24.0,4762.1,5220.33,-2590.87,0
430,3864.45,3940.0,3689.12,3875.21,67480.607212,2018-11-27,5299.583000000008,1001.8445022326703,7303.272004465349,3295.8939955346673,0,0,4494.243690824036,96.0,20.0,4386.115,5220.33,-2582.45,0
431,3875.63,4394.47,3874.27,4264.85,91983.567949,2018-11-28,5188.833500000009,986.8213853916008,7162.476270783211,3215.190729216807,0,0,4422.814916178193,92.0,16.0,4261.635,5220.33,-1657.5599999999995,1
432,4262.06,4450.38,4125.65,4295.84,73980.198669,2018-11-29,5082.626000000008,961.3204430169232,7005.2668860338545,3159.9851139661623,0,0,4375.22881740159,88.0,12.0,4261.635,5220.33,-1457.5599999999995,1
433,4295.72,4341.36,3943.0,4041.32,67758.446283,2018-11-30,4963.039500000008,932.8298055209799,6828.699111041968,3097.3798889580485,0,0,4300.108739985762,84.0,8.0,4141.405,5220.33,-1614.6199999999994,1
434,4041.27,4299.99,3963.01,4190.02,44840.073481,2018-12-01,4850.050000000008,878.5453755409363,6607.140751081881,3092.959248918136,0,0,4257.76570494704,80.0,4.0,4141.405,5220.33,-1438.2699999999995,1
435,4190.98,4312.99,4103.04,4161.01,38912.15479,2018-12-02,4735.447000000009,804.8348509844146,6345.116701968838,3125.77729803118,0,0,4217.062782532908,76.0,4.0,4079.02,5220.33,-1500.9899999999998,1
436,4160.55,4179.0,3827.0,3884.01,49094.369163,2018-12-03,4606.764500000008,715.8052970090496,6038.375094018107,3175.1539059819092,0,0,4140.764621726781,72.0,20.0,4079.02,5171.02,-1026.0199999999995,1
437,3884.76,4085.0,3781.0,3951.64,48489.551613,2018-12-04,4508.226000000008,658.516496635594,5825.258993271196,3191.19300672882,0,0,4098.437725581965,68.0,16.0,4079.02,5159.93,-607.2199999999998,1
438,3950.98,3970.0,3745.0,3769.84,44004.799448,2018-12-05,4409.048000000008,608.590504082272,5626.2290081645515,3191.866991835464,0,0,4041.9790023645005,100.0,12.0,4032.84,5113.75,-891.2299999999996,1
439,3768.44,3899.99,3500.0,3508.75,68378.796943,2018-12-06,4301.688500000008,564.8726552278106,5431.43381045563,3171.943189544387,0,0,3952.8578863271036,100.0,8.0,3902.295,4983.205,-861.25,1
440,3508.75,3549.99,3224.6,3403.55,95145.457442,2018-12-07,4190.451500000008,505.85253925054633,5202.156578501101,3178.746421498916,0,0,3865.3509313371683,100.0,4.0,3849.695,4930.605,-1017.0599999999995,0
441,3403.57,3495.0,3222.0,3410.93,55365.949949,2018-12-08,4077.8980000000083,400.7021476649884,4879.302295329985,3276.4937046700315,0,0,3788.8619638610994,96.0,4.0,3796.7850000000003,4930.605,-521.5100000000002,1
442,3411.36,3658.0,3394.04,3545.37,45956.893296,2018-12-09,4009.665000000008,366.2548416280225,4742.174683256053,3277.1553167439633,0,0,3750.878526867909,92.0,4.0,3796.7850000000003,4662.98,-540.4100000000003,1
443,3548.49,3610.0,3370.11,3432.88,40989.244553,2018-12-10,3953.366000000008,363.9247906312093,4681.215581262427,3225.5164187375894,0,0,3698.3987187283306,88.0,12.0,3782.28,4578.475,-429.3199999999997,1
444,3434.01,3480.0,3324.32,3380.39,35920.864154,2018-12-11,3889.332000000008,345.0273286905542,4579.3866573811165,3199.2773426188996,0,0,3649.2534834117923,100.0,8.0,3666.015,4521.195,-494.82000000000016,1
445,3379.23,3492.0,3350.0,3445.0,33922.931286,2018-12-12,3843.082000000008,339.1507383639534,4521.383476727915,3164.780523272101,0,0,3615.333729400164,96.0,4.0,3666.015,4521.195,-819.8500000000004,0
446,3446.38,3460.0,3255.5,3302.06,40040.917013,2018-12-13,3787.154500000008,331.0310648404395,4449.216629680886,3125.092370319129,0,0,3557.4024052938994,100.0,4.0,3535.95,4482.03,-993.7800000000002,0
447,3302.06,3335.39,3177.0,3224.17,44492.983807,2018-12-14,3751.7410000000077,351.8979444596439,4455.536888919296,3047.94511108072,0,0,3494.853346471839,100.0,8.0,3384.77,4067.1,-817.1500000000001,0
448,3225.19,3276.5,3156.26,3211.72,29796.041436,2018-12-15,3708.0380000000077,362.3499824409046,4432.737964881817,2983.3380351181986,0,0,3443.286457460775,100.0,4.0,3378.545,3936.3949999999995,-978.3000000000006,0
449,3211.71,3294.0,3186.0,3228.67,24628.808538,2018-12-16,3676.3615000000077,375.61265251505904,4427.586805030126,2925.1361949698894,0,0,3397.7153689113147,96.0,8.0,3378.545,3936.3949999999995,-932.3400000000001,0
450,3229.22,3585.0,3216.0,3509.08,66761.751697,2018-12-17,3658.0550000000076,374.33114001429135,4406.71728002859,2909.392719971425,0,0,3398.92486820204,92.0,4.0,3378.545,3816.165,-374.9300000000003,0
451,3509.03,3678.59,3424.47,3652.98,61369.615257,2018-12-18,3627.461500000007,346.06499116256646,4319.5914823251405,2935.3315176748742,0,0,3426.177225878807,88.0,24.0,3432.35,3816.165,-298.65999999999985,0
452,3653.0,3912.73,3622.55,3662.22,94137.341014,2018-12-19,3595.780500000007,308.63563962591144,4213.05177925183,2978.5092207481844,0,0,3450.0395731555313,84.0,20.0,3436.97,3753.7799999999997,-107.62000000000035,0
453,3660.01,4120.0,3635.0,4049.62,101543.835986,2018-12-20,3596.1955000000066,309.27118096196943,4214.737861923945,2977.653138076068,0,0,3530.442168999072,80.0,16.0,3630.67,3753.7799999999997,540.8699999999999,1
454,4051.86,4139.99,3764.0,3838.66,82343.850112,2018-12-21,3578.627500000007,282.5926404765461,4143.812780953099,3013.442219046915,0,0,3575.4018557597033,76.0,12.0,3630.67,3753.7799999999997,435.1099999999997,1
455,3840.25,3979.0,3785.0,3948.91,42822.350872,2018-12-22,3568.0225000000073,262.8791839348326,4093.7808678696724,3042.264132130342,0,0,3632.7235926447183,72.0,8.0,3630.67,3753.7799999999997,537.98,1
456,3948.91,4021.53,3870.0,3929.71,40117.531529,2018-12-23,3570.3075000000076,265.9510406643561,4102.20958132872,3038.4054186712956,0,0,3679.961865834895,68.0,4.0,3630.67,3753.7799999999997,384.34000000000015,1
457,3929.71,4198.0,3924.83,4008.01,64647.809129,2018-12-24,3573.1260000000075,270.46541647623724,4114.056832952482,3032.195167047533,0,0,3729.9882588176984,64.0,8.0,3639.145,3753.7799999999997,575.1300000000001,1
458,4010.11,4020.0,3646.41,3745.79,62725.629432,2018-12-25,3571.923500000007,269.5968557190752,4111.117211438158,3032.729788561857,0,0,3738.064474910387,60.0,4.0,3779.35,3700.87,365.4000000000001,0
459,3745.56,3837.15,3656.74,3777.74,42629.375817,2018-12-26,3585.373000000008,272.9679552451473,4131.308910490303,3039.437089509713,0,0,3750.771292530645,56.00000000000001,4.0,3851.3,3700.87,332.7399999999998,1
460,3777.74,3813.98,3535.0,3567.91,44097.392912,2018-12-27,3593.5910000000076,269.65994470459447,4132.910889409197,3054.271110590819,0,0,3730.3100827199723,52.0,72.0,3808.765,3686.365,265.8499999999999,0
461,3567.89,3887.25,3540.04,3839.26,45964.304987,2018-12-28,3615.007500000008,271.39290967143273,4157.7933193428735,3072.2216806571423,0,0,3754.402940703457,48.0,68.0,3808.765,3630.67,615.0900000000001,0
462,3839.0,3892.0,3670.0,3695.32,38874.373903,2018-12-29,3622.5050000000083,271.4391065863575,4165.383213172723,3079.6267868272935,0,0,3756.203874024139,44.0,64.0,3787.96,3630.67,483.60000000000036,0
463,3696.71,3903.5,3657.9,3801.91,33222.369262,2018-12-30,3640.9565000000084,270.4113766154887,4181.779253230986,3100.133746769031,0,0,3773.42443666862,40.0,60.0,3787.96,3630.67,573.2399999999998,1
464,3803.12,3810.0,3630.33,3702.9,29991.77835,2018-12-31,3657.082000000008,263.5851406165998,4184.252281233208,3129.9117187668085,0,0,3773.855235645252,36.0,56.00000000000001,3787.96,3630.67,193.82000000000016,0
465,3701.23,3810.16,3642.0,3797.14,23741.687033,2019-01-01,3674.689000000008,260.4149260399613,4195.518852079931,3153.8591479200854,0,0,3782.382313922771,32.0,52.0,3787.96,3630.67,144.15999999999985,0
466,3796.45,3882.14,3750.45,3858.56,35156.463369,2019-01-02,3702.514000000008,247.93614424978537,4198.386288499579,3206.641711500437,0,0,3795.9128442001866,28.000000000000004,48.0,3713.2349999999997,3630.67,196.34000000000015,0
467,3857.57,3862.74,3730.0,3766.78,29406.948359,2019-01-03,3729.644500000008,221.07038135048677,4171.785262700982,3287.5037372990346,0,0,3794.309909211095,24.0,44.0,3713.2349999999997,3630.67,-282.8399999999997,0
468,3767.2,3823.64,3703.57,3792.01,29519.554671,2019-01-04,3758.659000000008,184.58730645522786,4127.833612910464,3389.484387089552,0,0,3788.9996401775197,20.0,40.0,3713.2349999999997,3630.67,-46.649999999999636,0
469,3790.09,3840.99,3751.0,3770.96,30490.667751,2019-01-05,3785.773500000008,136.09904533067728,4057.9715906613624,3513.5754093386536,0,0,3785.42469667711,16.0,36.0,3776.94,3630.67,-177.94999999999982,1
470,3771.12,4027.71,3740.0,3987.6,36553.806709,2019-01-06,3809.6995000000084,126.62867936120624,4062.9568587224207,3556.442141277596,0,0,3811.4509722840858,12.0,32.0,3841.46,3630.67,57.88999999999987,1
471,3987.62,4017.9,3921.53,3975.45,31869.846264,2019-01-07,3825.8230000000085,126.15247829584555,4078.1279565917,3573.518043408317,0,0,3832.8426716199747,8.0,28.000000000000004,3845.25,3630.67,-32.5600000000004,1
472,3976.76,4069.8,3903.0,3955.13,38901.423122,2019-01-08,3840.4685000000086,123.12574938238076,4086.71999876477,3594.217001235247,0,0,3847.0975538310195,4.0,24.0,3845.25,3630.67,209.34000000000015,1
473,3955.45,4006.81,3930.04,3966.65,28989.439511,2019-01-09,3836.3200000000083,116.9507932970746,4070.2215865941575,3602.418413405859,0,0,3866.3478526641748,4.0,20.0,3877.19,3630.67,188.9100000000003,1
474,3966.06,3996.01,3540.0,3585.88,59402.22851,2019-01-10,3823.6810000000087,129.65381123419493,4082.9886224683987,3564.3733775316186,0,0,3827.5485588295833,4.0,16.0,3786.74,3639.145,17.970000000000255,1
475,3585.88,3658.0,3465.0,3601.31,38338.654733,2019-01-11,3806.301000000008,135.16410606204872,4076.6292121241054,3535.972787875911,0,0,3799.919959288627,40.0,12.0,3786.74,3779.35,-237.95000000000027,1
476,3601.31,3618.19,3530.0,3583.13,21999.928354,2019-01-12,3788.972000000008,140.61650066451014,4070.205001329028,3507.7389986709877,0,0,3767.827290464307,36.0,8.0,3785.365,3808.765,-112.19000000000005,0
477,3584.1,3611.1,3441.3,3476.81,26385.757454,2019-01-13,3762.4120000000084,147.0849739585797,4056.581947917168,3468.242052082849,0,0,3727.1897054874976,100.0,4.0,3732.205,3763.215,-325.0999999999999,0
478,3477.56,3671.87,3467.02,3626.09,35235.211215,2019-01-14,3756.4270000000083,150.19930513952534,4056.825610279059,3456.0283897209574,0,0,3711.1241717810185,96.0,16.0,3732.205,3763.215,-76.80999999999995,0
479,3626.08,3648.42,3516.62,3553.06,34137.997459,2019-01-15,3745.193000000008,156.77953538975723,4058.7520707795225,3431.6339292204934,0,0,3688.44462780357,92.0,12.0,3726.13,3742.41,-244.07999999999993,1
480,3553.06,3645.0,3543.51,3591.84,27480.179977,2019-01-16,3746.3895000000075,155.44094832351067,4057.2713966470287,3435.5076033529863,0,0,3672.3661891423253,88.0,8.0,3721.73,3742.41,-266.7199999999998,1
481,3591.84,3634.7,3530.39,3616.21,29755.440838,2019-01-17,3735.2370000000083,156.42554765489453,4048.088095309797,3422.3859046902194,0,0,3660.6214187093346,84.0,4.0,3721.73,3742.41,-150.57000000000016,1
482,3613.32,3620.0,3565.75,3594.87,22713.446755,2019-01-18,3730.214500000008,159.3597560137609,4048.9340120275297,3411.494987972486,0,0,3649.050656521468,80.0,52.0,3551.45,3742.41,-197.14000000000033,1
483,3594.87,3720.0,3594.23,3665.3,22171.578123,2019-01-19,3723.3840000000077,159.05239750398482,4041.4887950079774,3405.279204992038,0,0,3648.6112817668436,76.0,48.0,3571.0550000000003,3732.205,-105.65999999999985,1
484,3665.75,3693.73,3475.0,3539.28,27901.938598,2019-01-20,3715.2030000000077,164.28341224262905,4043.769824485266,3386.6361755147495,0,0,3630.4276642988098,72.0,44.0,3571.0550000000003,3732.205,-448.3199999999997,0
485,3539.26,3559.51,3475.5,3526.9,19644.436839,2019-01-21,3701.6910000000075,168.25491565252963,4038.200831305067,3365.181168694948,0,0,3608.5041554207514,68.0,40.0,3571.0550000000003,3732.205,-448.5499999999997,0
486,3526.88,3608.5,3434.85,3570.93,29336.442967,2019-01-22,3687.3095000000076,166.42346451756652,4020.1564290351407,3354.4625709648744,0,0,3595.9202111156173,64.0,36.0,3596.1000000000004,3732.205,-384.2000000000003,1
487,3570.41,3607.98,3514.5,3552.82,24938.842698,2019-01-23,3676.6115000000077,167.9162608436545,4012.4440216873168,3340.7789783126987,0,0,3582.688599575905,60.0,32.0,3596.1000000000004,3732.205,-413.8299999999999,1
488,3552.97,3589.0,3529.22,3569.62,20826.25118,2019-01-24,3665.492000000008,167.23432097439553,3999.960641948799,3331.0233580512167,0,0,3573.3138868813894,56.00000000000001,28.000000000000004,3596.1000000000004,3732.205,-16.26000000000022,1
489,3569.07,3587.15,3522.51,3565.29,17608.346671,2019-01-25,3655.208500000007,166.7303177776649,3988.6691355553367,3321.7478644446774,0,0,3571.909445145787,52.0,24.0,3596.1000000000004,3732.205,-36.01999999999998,1
490,3566.69,3662.94,3545.0,3565.25,19476.532344,2019-01-26,3634.0910000000067,148.12342378172562,3930.337847563458,3337.8441524365553,0,0,3570.3739305361732,48.0,20.0,3596.1000000000004,3732.205,-17.88000000000011,1
491,3565.62,3579.0,3486.0,3550.84,22735.598162,2019-01-27,3612.860500000007,125.29134558649257,3863.443191172992,3362.277808827022,0,0,3567.3026112581206,44.0,16.0,3596.1000000000004,3732.205,74.0300000000002,1
492,3550.05,3557.75,3380.27,3434.15,40405.111401,2019-01-28,3586.811500000006,102.4639932799548,3791.739486559916,3381.8835134400965,0,0,3549.8267666310503,100.0,12.0,3502.54,3710.875,-191.94000000000005,0
493,3434.0,3443.45,3349.92,3411.04,29544.928977,2019-01-29,3559.0310000000063,60.98392324109177,3680.99884648219,3437.0631535178227,0,1,3528.28545887837,100.0,8.0,3490.9849999999997,3699.3199999999997,-142.01999999999998,0
